0.0001542 373974.63
0.0003135 374387.13
0.0005770 375055.43
0.0035829 382522.43
0.0040382 383653.43
0.0042659 384215.63
0.0047212 385341.33
0.0049489 385899.13
0.0054042 387020.43
0.0055059 387271.53
0.0059612 388392.83
0.0061889 388956.73
0.0066117 389996.93
0.0068718 390638.83
0.0072946 391680.93
0.0075296 392262.53
0.0079524 393301.83
0.0081801 393858.73
0.0086354 394976.63
0.0086594 395033.33
0.0088631 395529.33
0.0091147 396144.73
0.0093184 396647.53
0.0093423 396707.73
0.0097976 397825.13
0.0100253 398384.43
0.0104806 399497.83
0.0117265 402518.23
0.0121819 403614.23
0.0124095 404164.53
0.0124400 404236.33
0.0128649 405257.43
0.0128953 405331.33
0.0130926 405801.03
0.0131230 405866.53
0.0132146 406086.63
0.0135458 406874.43
0.0135479 406874.03
0.0136374 407076.23
0.0138060 407468.33
0.0138976 407672.13
0.0142288 408452.43
0.0143203 408663.63
0.0145480 409194.93
0.0150033 410268.23
0.0164893 413771.93
0.0169121 414760.13
0.0171723 415335.53
0.0175951 416290.33
0.0178552 416858.03
0.0182780 417806.33
0.0185212 418329.63
0.0189440 419282.73
0.0192041 419835.83
0.0196269 420770.03
0.0198871 421336.83
0.0203099 422277.93
0.0211725 424214.43
0.0216278 425228.23
0.0218554 425716.43
0.0223107 426721.33
0.0225384 427207.83
0.0225536 427226.63
0.0229937 428198.33
0.0230089 428218.43
0.0232366 428712.83
0.0236920 429710.93
0.0239196 430211.93
0.0243425 431143.23
0.0277884 438703.13
0.0282438 439666.43
0.0284714 440133.43
0.0288942 441017.93
0.0289038 441012.43
0.0291544 441516.63
0.0293591 441918.53
0.0295772 442349.03
0.0295868 442333.33
0.0300421 443270.63
0.0302698 443713.73
0.0307251 444658.43
0.0326991 448806.03
0.0331544 449736.43
0.0333820 450185.23
0.0336644 450740.23
0.0338374 451081.83
0.0340650 451539.83
0.0341197 451637.73
0.0343473 452090.93
0.0344878 452373.23
0.0348026 453013.83
0.0350303 453476.13
0.0354856 454382.63
0.0355559 454518.13
0.0359786 455366.23
0.0362388 455875.33
0.0366616 456726.93
0.0369218 457252.03
0.0373445 458098.23
0.0376139 458632.93
0.0380367 459477.13
0.0382644 459922.63
0.0383515 460095.13
0.0387197 460820.73
0.0387743 460921.23
0.0389474 461268.63
0.0390344 461440.93
0.0394027 462162.23
0.0394572 462278.83
0.0396849 462719.63
0.0401402 463616.23
0.0415291 466273.13
0.0419844 467143.53
0.0422120 467587.83
0.0426348 468387.83
0.0428950 468884.33
0.0433178 469681.63
0.0437574 470504.23
0.0442127 471349.23
0.0444404 471755.73
0.0448957 472569.53
0.0449758 472702.33
0.0451233 472957.13
0.0454311 473504.93
0.0455787 473772.13
0.0456006 473823.63
0.0456588 473940.03
0.0460235 474601.43
0.0461141 474779.63
0.0462837 475098.93
0.0463418 475227.03
0.0467065 475888.03
0.0467646 476037.23
0.0469341 476382.73
0.0473895 477183.53
0.0524465 485655.93
0.0528693 486316.13
0.0530970 486657.13
0.0535523 487375.33
0.0537800 487693.13
0.0542353 488386.13
0.0583434 494872.43
0.0584724 494984.73
0.0587987 495408.33
0.0589276 495540.43
0.0590264 495616.33
0.0590829 495610.03
0.0591553 495635.03
0.0594817 496039.73
0.0595057 496003.33
0.0596106 496096.83
0.0597094 496185.53
0.0597333 496167.23
0.0598383 496281.83
0.0601322 496673.83
0.0601886 496716.53
0.0602936 496844.73
0.0604163 497015.83
0.0608716 497594.33
0.0627834 500121.33
0.0628440 500154.43
0.0632062 500592.43
0.0632668 500633.63
0.0634664 500857.33
0.0635270 500905.33
0.0636167 500997.53
0.0638892 501330.43
0.0639498 501376.43
0.0640395 501469.43
0.0641169 501557.13
0.0641774 501607.73
0.0642671 501698.33
0.0645722 502037.93
0.0646328 502100.63
0.0647225 502198.83
0.0649501 502462.93
0.0652806 502847.43
0.0654054 502994.53
0.0657033 503341.43
0.0659635 503639.93
0.0663863 504127.23
0.0666140 504383.33
0.0670692 504897.13
0.0677740 505681.03
0.0679909 505932.53
0.0682293 506209.23
0.0684138 506428.03
0.0684569 506503.63
0.0686739 506739.93
0.0689123 507016.13
0.0690967 507233.23
0.0691399 507300.33
0.0693569 507555.03
0.0695952 507835.83
0.0697797 508065.53
0.0700531 508373.43
0.0705085 508865.83
0.0707362 509133.33
0.0711915 509614.43
0.0714192 509881.03
0.0716115 510105.93
0.0718745 510376.63
0.0720668 510584.23
0.0722944 510813.63
0.0727497 511257.53
0.0729774 511506.33
0.0734001 511902.43
0.0760520 514214.73
0.0767349 514810.73
0.0771577 515181.13
0.0774179 515414.63
0.0776547 515633.53
0.0778406 515801.43
0.0780775 516024.53
0.0783052 516239.93
0.0784246 516383.83
0.0787605 516689.33
0.0788800 516839.23
0.0789882 516970.53
0.0791077 517119.23
0.0794110 517403.93
0.0795630 517577.93
0.0797907 517806.33
0.0837337 520635.93
0.0841890 520971.63
0.0843283 521090.23
0.0844166 521176.53
0.0845885 521317.13
0.0848719 521534.73
0.0850113 521641.93
0.0850996 521707.03
0.0852714 521821.23
0.0855549 521996.43
0.0856942 522084.93
0.0885223 523863.13
0.0889451 524121.63
0.0890999 524201.23
0.0892053 524258.63
0.0895552 524460.43
0.0896281 524494.23
0.0897828 524581.03
0.0898882 524635.23
0.0902381 524842.03
0.0903110 524891.43
0.0904658 524985.23
0.0909211 525243.93
0.0918247 525757.83
0.0920260 525878.93
0.0922801 526024.33
0.0924488 526127.43
0.0925077 526166.03
0.0927090 526288.53
0.0927877 526349.83
0.0929631 526471.03
0.0931318 526592.13
0.0931908 526655.03
0.0932430 526714.23
0.0933594 526802.43
0.0934707 526894.93
0.0936136 527001.23
0.0938147 527138.23
0.0939260 527229.63
0.0941537 527376.13
0.0944651 527567.53
0.0945765 527654.23
0.0949204 527862.93
0.0951481 528009.43
0.0956035 528277.93
0.0958311 528423.43
0.0962864 528684.93
0.0966484 528894.43
0.0971037 529147.83
0.0973314 529285.43
0.0977542 529518.83
0.0980144 529658.53
0.0981175 529716.03
0.0984372 529881.83
0.0985310 529932.83
0.0985403 529946.53
0.0986216 529991.93
0.0987679 530070.53
0.0989863 530185.63
0.0990769 530235.43
0.0992140 530311.13
0.0992233 530317.93
0.0993046 530361.83
0.0994509 530439.93
0.0996368 530533.93
0.0997599 530602.83
0.0998969 530677.63
0.0999062 530685.73
0.0999875 530727.53
0.1003197 530892.13
0.1004103 530936.33
0.1020796 531752.13
0.1021182 531783.83
0.1025024 531983.83
0.1025410 532011.93
0.1027301 532111.63
0.1027687 532136.83
0.1030470 532274.53
0.1031854 532339.73
0.1032240 532352.73
0.1034131 532440.53
0.1034517 532455.73
0.1034698 532460.13
0.1037300 532576.93
0.1038684 532631.03
0.1039071 532637.53
0.1041528 532750.83
0.1044130 532873.43
0.1048359 533080.73
0.1071209 534249.23
0.1075438 534464.03
0.1078039 534596.03
0.1082268 534812.73
0.1084544 534932.13
0.1089098 535168.93
0.1094757 535470.03
0.1098985 535694.33
0.1101587 535839.23
0.1105814 536064.33
0.1108416 536205.93
0.1112644 536434.33
0.1132959 537523.63
0.1137187 537756.83
0.1139225 537872.83
0.1139788 537907.93
0.1143453 538109.43
0.1144016 538140.83
0.1146055 538248.63
0.1146618 538273.33
0.1150283 538461.53
0.1150845 538482.43
0.1152884 538580.83
0.1153583 538607.43
0.1157112 538789.13
0.1158136 538836.73
0.1160412 538948.03
0.1164965 539184.03
0.1165295 539191.73
0.1167242 539286.63
0.1169849 539428.03
0.1170976 539487.93
0.1171795 539530.93
0.1171903 539539.23
0.1172125 539553.43
0.1175529 539742.03
0.1176131 539782.03
0.1176679 539815.53
0.1177805 539874.93
0.1178732 539920.13
0.1178956 539927.53
0.1182359 540103.13
0.1182960 540126.53
0.1183509 540141.73
0.1184635 540191.43
0.1184663 540179.93
0.1185072 540191.43
0.1185237 540186.43
0.1189188 540386.03
0.1189216 540373.83
0.1189625 540379.53
0.1189790 540372.73
0.1191493 540452.73
0.1191902 540469.73
0.1196046 540687.23
0.1196130 540688.13
0.1198322 540800.33
0.1198731 540811.43
0.1202876 541022.13
0.1202959 541015.03
0.1211059 541435.23
0.1215612 541662.93
0.1217889 541772.93
0.1221085 541930.63
0.1222442 541993.13
0.1224719 542108.63
0.1225638 542157.53
0.1227915 542279.83
0.1228947 542338.93
0.1232468 542532.23
0.1234744 542657.83
0.1238972 542888.73
0.1261152 544051.13
0.1265018 544254.83
0.1265706 544290.13
0.1267982 544407.13
0.1269571 544486.43
0.1271848 544603.83
0.1272211 544621.13
0.1274813 544748.33
0.1276076 544797.53
0.1278678 544918.13
0.1279041 544927.93
0.1280607 544997.73
0.1282906 545106.43
0.1284835 545193.73
0.1287111 545298.73
0.1287740 545324.73
0.1291665 545511.23
0.1291969 545513.33
0.1293941 545593.53
0.1294245 545595.03
0.1298494 545782.43
0.1298799 545787.03
0.1301401 545902.03
0.1303508 545994.23
0.1305629 546092.53
0.1308061 546211.93
0.1312939 546432.93
0.1317818 546649.03
0.1320420 546767.03
0.1324647 546960.83
0.1326791 547058.23
0.1331344 547264.03
0.1333621 547369.83
0.1338174 547566.73
0.1340223 547667.13
0.1340450 547688.13
0.1344451 547855.73
0.1345003 547886.03
0.1347052 547978.93
0.1351280 548153.63
0.1353557 548247.73
0.1358110 548424.83
0.1372346 548958.63
0.1376574 549111.73
0.1379176 549203.03
0.1383404 549345.83
0.1386006 549424.43
0.1390234 549561.63
0.1394927 549712.03
0.1399155 549845.13
0.1401757 549921.73
0.1405984 550053.73
0.1408586 550127.53
0.1412814 550257.83
0.1421898 550557.93
0.1426126 550692.63
0.1428728 550765.63
0.1431508 550849.23
0.1432956 550895.43
0.1435232 550966.43
0.1435735 550973.63
0.1438337 551054.13
0.1439785 551099.43
0.1442565 551182.33
0.1445167 551260.03
0.1449395 551387.33
0.1471753 552078.63
0.1476306 552212.13
0.1478582 552280.53
0.1482810 552413.13
0.1485412 552491.13
0.1486148 552511.63
0.1489640 552612.93
0.1490702 552642.43
0.1492978 552707.53
0.1497531 552833.53
0.1499808 552894.13
0.1504361 553026.73
0.1512791 553251.13
0.1517344 553371.33
0.1518330 553398.73
0.1519621 553437.33
0.1522884 553518.93
0.1524174 553552.43
0.1525161 553588.63
0.1526451 553628.43
0.1526463 553641.53
0.1529389 553723.53
0.1530691 553767.33
0.1531004 553781.83
0.1531991 553815.73
0.1533292 553855.23
0.1536219 553932.83
0.1537520 553975.23
0.1540122 554049.93
0.1544350 554157.83
0.1590206 555133.33
0.1594759 555232.23
0.1597036 555287.83
0.1598625 555337.13
0.1601589 555418.53
0.1602853 555470.03
0.1603865 555520.73
0.1605455 555576.63
0.1608418 555664.73
0.1609682 555717.53
0.1611959 555793.03
0.1614569 555871.13
0.1616512 555938.83
0.1618797 556013.53
0.1621074 556086.73
0.1625346 556200.93
0.1625627 556234.43
0.1627904 556304.33
0.1629900 556378.23
0.1632176 556454.23
0.1632457 556490.33
0.1636730 556603.93
0.1637473 556652.23
0.1639007 556716.83
0.1641700 556802.23
0.1643560 556867.43
0.1643977 556899.73
0.1648530 557019.73
0.1650806 557097.33
0.1655359 557223.43
0.1670019 557562.93
0.1672995 557663.23
0.1674247 557724.53
0.1674474 557766.03
0.1676523 557844.33
0.1677223 557889.73
0.1678702 557949.93
0.1679825 557999.13
0.1681076 558054.93
0.1681304 558081.33
0.1683353 558145.23
0.1684053 558181.63
0.1685531 558230.73
0.1686655 558274.93
0.1687808 558322.93
0.1687906 558340.43
0.1690883 558432.73
0.1692361 558489.93
0.1703055 558776.03
0.1707608 558918.33
0.1709885 559009.53
0.1714438 559153.33
0.1716715 559240.63
0.1721268 559382.23
0.1724025 559478.83
0.1728253 559610.83
0.1730855 559702.03
0.1735083 559833.73
0.1737359 559914.73
0.1741912 560051.13
0.1754685 560418.13
0.1755298 560446.23
0.1758913 560550.23
0.1759526 560568.53
0.1761514 560627.43
0.1762128 560648.63
0.1765742 560760.43
0.1766356 560780.43
0.1768345 560845.43
0.1768958 560861.03
0.1772573 560973.93
0.1773186 560992.73
0.1773554 561001.33
0.1778107 561139.43
0.1779028 561157.33
0.1780383 561182.03
0.1783256 561255.83
0.1784611 561280.73
0.1785858 561293.63
0.1787213 561313.23
0.1788610 561331.43
0.1790086 561364.53
0.1791441 561388.83
0.1792688 561415.53
0.1793163 561411.43
0.1795439 561468.33
0.1796916 561495.53
0.1799992 561587.63
0.1802269 561654.23
0.1806822 561826.43
0.1839116 563176.73
0.1843669 563370.83
0.1845945 563468.43
0.1850173 563651.53
0.1852775 563766.73
0.1857003 563957.53
0.1877302 564885.63
0.1881530 565099.63
0.1884132 565246.93
0.1887589 565434.33
0.1888360 565493.73
0.1890637 565622.83
0.1891394 565685.63
0.1891817 565727.33
0.1894419 565877.23
0.1894604 565910.23
0.1895190 565959.73
0.1895550 565993.23
0.1895947 566027.83
0.1898224 566162.63
0.1898647 566202.93
0.1898832 566227.23
0.1900103 566305.53
0.1901249 566375.73
0.1901434 566385.33
0.1902379 566439.73
0.1902777 566464.23
0.1905054 566587.73
0.1905477 566605.73
0.1905662 566611.23
0.1907257 566696.63
0.1908263 566752.73
0.1909534 566824.93
0.1909607 566824.43
0.1912491 566990.13
0.1913762 567063.83
0.1935158 568382.03
0.1936023 568440.73
0.1939385 568658.43
0.1940251 568718.93
0.1941987 568822.23
0.1942852 568872.63
0.1944624 568978.83
0.1946215 569068.83
0.1947080 569113.43
0.1948817 569212.23
0.1948852 569199.93
0.1949682 569238.23
0.1951453 569336.33
0.1953045 569415.63
0.1953910 569447.43
0.1954004 569424.63
0.1955682 569511.53
0.1957958 569642.83
0.1958231 569645.63
0.1960833 569802.43
0.1962512 569896.43
0.1965061 570053.73
0.1967662 570212.93
0.1970189 570363.53
0.1971890 570457.33
0.1972141 570456.93
0.1974742 570623.33
0.1976369 570723.63
0.1976927 570753.53
0.1977019 570752.53
0.1978971 570877.13
0.1981155 571019.93
0.1981571 571039.53
0.1983199 571144.03
0.1983756 571173.13
0.1983848 571169.33
0.1985475 571270.13
0.1987984 571436.73
0.1988401 571463.93
0.1990029 571571.43
0.1990261 571586.43
0.1994814 571891.53
0.1994927 571889.23
0.1999481 572193.03
0.2001757 572344.63
0.2006311 572653.93
0.2008587 572806.83
0.2010654 572942.93
0.2012816 573087.83
0.2015207 573248.93
0.2017484 573405.03
0.2022037 573722.53
0.2022900 573787.73
0.2024314 573898.13
0.2026043 574022.33
0.2027453 574116.53
0.2028542 574176.33
0.2029730 574240.93
0.2030597 574284.13
0.2032873 574426.43
0.2034283 574506.53
0.2036559 574647.73
0.2037427 574701.23
0.2039703 574845.23
0.2041112 574928.23
0.2043931 575097.63
0.2045820 575204.93
0.2050373 575481.53
0.2052649 575612.03
0.2057202 575878.23
0.2059479 576001.43
0.2063707 576238.63
0.2083929 577430.43
0.2088157 577650.93
0.2090759 577776.53
0.2091150 577766.53
0.2094987 577968.63
0.2095703 577988.83
0.2097589 578072.33
0.2097980 578072.23
0.2101818 578267.23
0.2102533 578290.23
0.2104809 578392.13
0.2109037 578598.53
0.2131051 579760.63
0.2135279 579957.23
0.2137881 580069.33
0.2138643 580078.93
0.2142109 580231.53
0.2143196 580257.23
0.2144711 580305.43
0.2145473 580324.93
0.2146124 580339.03
0.2148939 580460.03
0.2149700 580472.93
0.2150677 580497.73
0.2152302 580549.13
0.2152954 580551.83
0.2156530 580685.23
0.2157507 580694.33
0.2159784 580766.53
0.2160693 580765.03
0.2162400 580800.03
0.2164012 580830.73
0.2165246 580844.33
0.2166953 580874.03
0.2167523 580867.53
0.2169230 580907.53
0.2172076 580998.13
0.2173458 581038.93
0.2174353 581058.63
0.2175214 581080.53
0.2176060 581097.53
0.2176955 581121.43
0.2178906 581181.03
0.2179441 581188.43
0.2180288 581205.03
0.2181508 581238.23
0.2182043 581251.03
0.2183785 581308.23
0.2184542 581333.93
0.2185808 581373.43
0.2186271 581400.13
0.2188013 581462.53
0.2188547 581489.03
0.2189095 581527.43
0.2190361 581587.13
0.2190614 581620.13
0.2191372 581666.73
0.2192638 581727.93
0.2193100 581764.83
0.2194751 581832.43
0.2194842 581858.33
0.2195600 581900.53
0.2197192 581956.13
0.2198202 582005.03
0.2199304 582053.23
0.2199468 582083.83
0.2201581 582150.03
0.2202430 582194.53
0.2203697 582257.43
0.2206134 582334.83
0.2208410 582405.83
0.2212964 582504.53
0.2246392 582924.73
0.2250620 582989.43
0.2252896 583028.83
0.2253306 583057.43
0.2257449 583113.13
0.2257859 583139.23
0.2260051 583180.73
0.2260136 583208.73
0.2263930 583265.03
0.2264279 583300.83
0.2264689 583334.93
0.2266966 583385.03
0.2268483 583431.23
0.2270759 583474.23
0.2271194 583510.43
0.2274987 583553.33
0.2277589 583585.13
0.2280355 583613.23
0.2281817 583638.33
0.2284583 583668.63
0.2287185 583698.93
0.2291413 583730.73
0.2293689 583758.33
0.2298242 583790.93
0.2302752 583826.43
0.2305254 583854.73
0.2306980 583881.23
0.2309481 583903.93
0.2309582 583922.43
0.2312083 583934.93
0.2313810 583940.63
0.2316311 583945.23
0.2316411 583946.53
0.2318913 583945.63
0.2319167 583944.03
0.2320639 583938.93
0.2323140 583932.63
0.2323720 583941.13
0.2325996 583946.73
0.2329808 583947.83
0.2330549 583959.23
0.2332826 583963.43
0.2334361 583973.73
0.2336638 583976.83
0.2337379 583983.13
0.2341191 583985.73
0.2343468 583993.33
0.2347695 583996.13
0.2352984 584000.03
0.2355113 584003.33
0.2357212 584008.73
0.2358399 584013.13
0.2359341 584019.13
0.2359488 584026.13
0.2361618 584029.83
0.2362626 584034.23
0.2364042 584046.03
0.2365228 584058.03
0.2366171 584068.33
0.2366318 584082.93
0.2368447 584092.73
0.2369456 584107.03
0.2369854 584129.33
0.2370871 584149.93
0.2372058 584172.83
0.2373001 584193.63
0.2374408 584210.73
0.2376286 584229.03
0.2376685 584249.73
0.2381238 584270.93
0.2383515 584293.93
0.2388068 584314.33
0.2388759 584330.13
0.2391867 584344.83
0.2392987 584358.53
0.2395589 584375.23
0.2396096 584382.23
0.2398698 584399.23
0.2399817 584407.63
0.2402419 584421.33
0.2402926 584428.53
0.2403679 584435.83
0.2405528 584445.13
0.2406647 584443.03
0.2407907 584438.73
0.2409756 584433.43
0.2415062 584465.03
0.2419615 584497.13
0.2421891 584514.43
0.2424708 584541.33
0.2426444 584560.83
0.2429261 584595.63
0.2429786 584598.53
0.2431537 584618.93
0.2434339 584651.23
0.2436090 584669.43
0.2436615 584673.23
0.2438170 584696.93
0.2438367 584694.03
0.2440843 584727.43
0.2442724 584749.43
0.2442919 584751.53
0.2443445 584757.53
0.2445000 584779.33
0.2447673 584820.83
0.2449228 584847.83
0.2451830 584888.23
0.2456058 584960.93
0.2476685 585351.43
0.2480913 585433.63
0.2483514 585483.23
0.2484202 585492.43
0.2484288 585485.43
0.2487742 585547.43
0.2488756 585558.83
0.2488841 585546.33
0.2490019 585560.43
0.2491032 585563.43
0.2491117 585542.33
0.2492002 585537.73
0.2492686 585527.73
0.2494571 585550.03
0.2495261 585537.73
0.2495670 585519.93
0.2496555 585510.93
0.2497239 585495.33
0.2497863 585480.53
0.2497947 585448.33
0.2498832 585440.33
0.2499516 585427.33
0.2502091 585461.13
0.2502500 585448.33
0.2503060 585440.53
0.2503744 585436.63
0.2505662 585464.53
0.2506346 585460.93
0.2509890 585539.43
0.2510574 585543.03
0.2533235 586121.43
0.2537788 586229.83
0.2540065 586271.83
0.2544617 586376.63
0.2546894 586416.23
0.2551447 586513.13
0.2576440 587137.63
0.2580668 587229.13
0.2582945 587273.93
0.2587498 587378.93
0.2589774 587427.13
0.2594327 587537.23
0.2609413 587923.33
0.2613966 588034.63
0.2616243 588088.03
0.2620314 588179.43
0.2620471 588166.63
0.2623073 588217.03
0.2624542 588236.03
0.2627143 588285.03
0.2627301 588268.43
0.2631371 588349.83
0.2633973 588392.03
0.2636165 588433.73
0.2638201 588465.73
0.2640718 588516.73
0.2642995 588563.23
0.2647548 588669.73
0.2649824 588720.43
0.2654052 588820.03
0.2657277 588895.93
0.2661830 589003.03
0.2664107 589054.43
0.2668660 589166.33
0.2670937 589218.03
0.2675490 589318.83
0.2675817 589317.13
0.2680044 589406.63
0.2680640 589414.93
0.2682620 589454.83
0.2682646 589449.23
0.2684868 589492.33
0.2686874 589523.93
0.2687173 589517.33
0.2687470 589504.63
0.2689450 589525.73
0.2689476 589505.73
0.2691698 589532.03
0.2693703 589553.13
0.2693975 589536.43
0.2694003 589509.43
0.2696280 589531.23
0.2698528 589557.03
0.2700833 589585.93
0.2726179 590119.73
0.2728223 590148.03
0.2730407 590173.93
0.2732776 590199.43
0.2733009 590177.43
0.2733216 590159.43
0.2735053 590172.93
0.2737236 590197.33
0.2737444 590188.83
0.2739513 590216.83
0.2739606 590209.83
0.2740046 590215.93
0.2740378 590221.23
0.2741883 590253.83
0.2744066 590298.03
0.2744274 590306.63
0.2744932 590326.23
0.2746437 590364.13
0.2746550 590373.93
0.2747208 590398.03
0.2751104 590481.33
0.2751762 590504.93
0.2754038 590553.73
0.2758267 590639.93
0.2761150 590704.13
0.2765378 590785.93
0.2767980 590838.63
0.2772208 590919.63
0.2774485 590971.73
0.2774709 590987.03
0.2779038 591076.13
0.2779262 591097.33
0.2781538 591155.53
0.2786091 591244.93
0.2788368 591303.33
0.2792921 591396.73
0.2849690 592256.63
0.2852488 592308.23
0.2854243 592340.03
0.2856519 592372.03
0.2856716 592382.23
0.2859318 592418.23
0.2861072 592445.33
0.2863349 592473.73
0.2863546 592478.33
0.2864569 592490.43
0.2865823 592504.43
0.2867902 592520.93
0.2869122 592522.63
0.2869582 592516.83
0.2870376 592512.83
0.2870753 592506.43
0.2871399 592507.93
0.2874135 592518.13
0.2875306 592520.23
0.2875952 592517.13
0.2876412 592508.23
0.2877583 592505.03
0.2878228 592500.73
0.2878462 592493.53
0.2880640 592505.13
0.2881811 592508.93
0.2882690 592515.63
0.2882782 592518.93
0.2883242 592513.63
0.2884413 592514.03
0.2884417 592510.73
0.2885292 592507.03
0.2887470 592508.63
0.2888641 592505.93
0.2888645 592499.13
0.2889520 592498.13
0.2891247 592495.03
0.2891797 592490.43
0.2895474 592488.63
0.2896350 592485.83
0.2898076 592480.53
0.2902304 592469.63
0.2915105 592444.13
0.2919658 592433.33
0.2921935 592424.43
0.2926488 592409.63
0.2928765 592396.23
0.2932770 592377.33
0.2932993 592371.33
0.2936998 592346.73
0.2939600 592325.33
0.2943828 592299.33
0.2946430 592275.53
0.2950658 592235.53
0.2957132 592181.03
0.2961685 592137.73
0.2963961 592104.43
0.2968189 592054.53
0.2970791 592016.73
0.2975019 591964.73
0.2976313 591937.53
0.2980495 591888.93
0.2980541 591876.63
0.2983142 591847.03
0.2984722 591824.53
0.2987324 591792.83
0.2987370 591791.43
0.2989972 591767.43
0.2991552 591753.03
0.2993829 591734.13
0.2994200 591739.33
0.2998382 591699.23
0.3038273 591194.93
0.3040207 591166.23
0.3040577 591158.33
0.3042501 591127.83
0.3044761 591092.83
0.3044805 591096.83
0.3045103 591103.43
0.3047037 591084.73
0.3047407 591086.63
0.3049331 591068.33
0.3051265 591045.83
0.3051635 591049.03
0.3051933 591057.43
0.3053867 591033.13
0.3053912 591039.83
0.3056160 591006.13
0.3058096 590981.23
0.3058465 590975.13
0.3078912 590559.93
0.3083139 590476.33
0.3085416 590426.73
0.3089969 590330.83
0.3092245 590282.33
0.3096798 590181.13
0.3099220 590121.03
0.3103448 590024.13
0.3106049 589963.33
0.3110277 589859.93
0.3112879 589795.73
0.3117107 589687.93
0.3118783 589644.83
0.3123011 589543.73
0.3125613 589482.13
0.3129841 589383.83
0.3132443 589323.73
0.3136671 589225.63
0.3163449 588572.13
0.3167677 588466.93
0.3169954 588403.13
0.3174507 588285.83
0.3176783 588228.23
0.3178421 588185.93
0.3181336 588107.83
0.3182649 588071.03
0.3184926 588004.03
0.3185839 587965.03
0.3189479 587856.13
0.3190392 587821.03
0.3191756 587776.03
0.3192668 587746.63
0.3196309 587642.23
0.3196896 587629.43
0.3197232 587632.43
0.3199498 587569.43
0.3201785 587508.33
0.3203725 587451.23
0.3204062 587446.43
0.3208615 587313.43
0.3210891 587249.93
0.3215119 587123.03
0.3232625 586560.13
0.3236853 586428.93
0.3239115 586368.53
0.3239129 586387.03
0.3243668 586244.83
0.3243683 586261.53
0.3245945 586198.73
0.3245959 586215.43
0.3250498 586065.23
0.3250512 586088.33
0.3252775 586022.43
0.3257328 585874.43
0.3264940 585609.63
0.3269494 585459.63
0.3271770 585389.73
0.3276324 585233.73
0.3278600 585165.03
0.3282828 585012.43
0.3285227 584934.23
0.3289455 584777.03
0.3292056 584680.03
0.3293674 584626.23
0.3296284 584533.53
0.3298228 584469.83
0.3298886 584461.73
0.3299288 584464.93
0.3300504 584435.13
0.3303114 584346.63
0.3303517 584351.03
0.3304732 584312.63
0.3305793 584277.83
0.3307334 584219.93
0.3310347 584095.23
0.3311562 584048.03
0.3312623 584014.03
0.3317177 583835.13
0.3319572 583748.23
0.3324125 583569.83
0.3326402 583488.83
0.3327288 583463.43
0.3330630 583332.73
0.3331841 583288.63
0.3333231 583234.23
0.3333863 583206.93
0.3334118 583199.93
0.3337459 583061.93
0.3338091 583040.03
0.3338670 583016.03
0.3340693 582936.43
0.3340947 582923.73
0.3344921 582762.03
0.3345500 582735.23
0.3347522 582651.03
0.3351750 582480.93
0.3356728 582281.83
0.3361282 582101.23
0.3363558 582014.43
0.3368112 581835.83
0.3370388 581753.73
0.3371359 581723.53
0.3374942 581587.13
0.3375588 581563.83
0.3378190 581469.73
0.3379409 581425.43
0.3382418 581312.13
0.3383637 581267.93
0.3385020 581211.73
0.3386239 581158.83
0.3389248 581038.83
0.3390467 580981.23
0.3393068 580868.03
0.3397296 580695.23
0.3432638 579344.43
0.3436866 579177.33
0.3437645 579145.63
0.3439469 579077.23
0.3441872 578995.43
0.3443697 578937.13
0.3444149 578928.13
0.3445973 578866.23
0.3448702 578774.93
0.3450527 578717.23
0.3450978 578712.53
0.3455531 578561.83
0.3462329 578332.43
0.3466557 578196.23
0.3469159 578121.13
0.3473387 577985.13
0.3475989 577903.33
0.3480217 577764.13
0.3481256 577730.23
0.3485809 577578.73
0.3488086 577518.03
0.3492314 577394.73
0.3494916 577327.93
0.3496437 577300.53
0.3499144 577231.83
0.3500009 577224.23
0.3500665 577230.03
0.3503267 577169.53
0.3504237 577155.43
0.3506839 577096.53
0.3507495 577100.43
0.3509503 577055.63
0.3509771 577069.03
0.3511067 577050.03
0.3513343 576998.63
0.3514056 576994.33
0.3514325 577004.33
0.3516333 576970.53
0.3517896 576950.63
0.3520886 576889.53
0.3523162 576846.93
0.3527390 576759.73
0.3529878 576719.73
0.3533463 576656.73
0.3534431 576676.03
0.3536708 576668.23
0.3538016 576675.93
0.3539959 576674.53
0.3540293 576696.63
0.3541261 576696.63
0.3543538 576667.83
0.3544187 576670.23
0.3544846 576672.33
0.3546789 576651.53
0.3547122 576654.13
0.3547765 576655.43
0.3551017 576613.23
0.3551676 576608.03
0.3553618 576582.53
0.3557847 576531.33
0.3562521 576478.83
0.3565988 576443.23
0.3566749 576433.23
0.3569351 576398.33
0.3570216 576376.73
0.3572819 576337.03
0.3573903 576312.43
0.3576180 576276.93
0.3577047 576258.03
0.3577079 576239.53
0.3579649 576205.13
0.3579692 576185.33
0.3580408 576162.63
0.3581632 576134.93
0.3583877 576105.63
0.3583909 576085.33
0.3583919 576060.83
0.3586196 576023.33
0.3588462 575982.33
0.3588528 575948.53
0.3590739 575908.13
0.3590749 575879.13
0.3592756 575837.13
0.3593025 575811.43
0.3595292 575770.63
0.3595357 575731.53
0.3597578 575683.93
0.3599585 575648.23
0.3602187 575603.03
0.3606415 575581.43
0.3622673 575575.03
0.3627226 575561.63
0.3628758 575543.93
0.3629503 575525.93
0.3630134 575503.73
0.3632986 575483.43
0.3633730 575466.63
0.3634687 575441.63
0.3635588 575418.03
0.3636332 575392.53
0.3636963 575375.23
0.3639815 575361.13
0.3640560 575343.63
0.3641516 575322.73
0.3642417 575304.43
0.3643793 575282.33
0.3646645 575262.83
0.3648021 575236.43
0.3666786 575250.73
0.3671014 575235.63
0.3673616 575221.63
0.3677844 575210.83
0.3680120 575196.33
0.3684673 575190.53
0.3690499 575184.73
0.3694727 575176.73
0.3697329 575159.73
0.3699338 575146.53
0.3701557 575133.43
0.3703892 575122.53
0.3704159 575105.83
0.3706168 575092.03
0.3708387 575078.33
0.3710396 575060.93
0.3712999 575044.23
0.3717227 575029.03
0.3719302 575013.53
0.3723530 575000.93
0.3726132 574981.63
0.3730360 574954.53
0.3732962 574926.33
0.3737190 574899.13
0.3794689 574892.23
0.3795228 574852.53
0.3796293 574818.63
0.3799242 574784.73
0.3799781 574748.63
0.3800520 574712.03
0.3800834 574678.13
0.3801518 574632.43
0.3802058 574574.23
0.3803122 574514.23
0.3805062 574447.73
0.3805783 574389.03
0.3806072 574328.73
0.3806285 574269.73
0.3807350 574208.13
0.3807664 574158.73
0.3808348 574115.73
0.3808887 574073.33
0.3809952 574034.53
0.3810336 573995.43
0.3811892 573944.13
0.3812576 573912.23
0.3812613 573883.53
0.3813115 573855.13
0.3814168 573819.43
0.3814180 573798.53
0.3817166 573737.13
0.3818721 573691.43
0.3819442 573660.23
0.3823995 573578.73
0.3824825 573542.03
0.3829053 573463.83
0.3831330 573408.93
0.3835883 573324.33
0.3838160 573271.83
0.3838526 573255.73
0.3840010 573220.53
0.3842713 573166.53
0.3842754 573162.73
0.3844238 573138.53
0.3845356 573118.43
0.3846840 573096.23
0.3849584 573044.33
0.3851068 573021.33
0.3852186 573015.23
0.3853669 573002.63
0.3856414 572967.83
0.3857897 572956.33
0.3861402 572894.93
0.3865630 572804.63
0.3868231 572747.53
0.3872459 572647.73
0.3874736 572600.73
0.3877923 572529.93
0.3878564 572521.93
0.3879289 572512.33
0.3882476 572437.43
0.3882792 572444.03
0.3884753 572405.13
0.3885394 572412.83
0.3889306 572316.13
0.3889621 572341.83
0.3889998 572367.53
0.3891583 572358.53
0.3892223 572381.83
0.3894226 572341.33
0.3895810 572315.93
0.3896451 572320.53
0.3896828 572340.33
0.3901055 572212.53
0.3903332 572158.23
0.3907885 572012.83
0.3926315 571297.03
0.3927254 571288.53
0.3930869 571159.23
0.3931482 571161.83
0.3933145 571115.33
0.3934084 571110.03
0.3937699 570988.43
0.3938311 570996.83
0.3939976 570961.03
0.3940588 570978.03
0.3944529 570838.23
0.3945141 570854.83
0.3954382 570446.93
0.3958610 570272.03
0.3961212 570169.73
0.3965439 569989.43
0.3967716 569906.13
0.3970211 569778.63
0.3972269 569675.53
0.3974439 569566.53
0.3977041 569427.33
0.3981269 569205.53
0.3983871 569070.23
0.3988098 568852.83
0.4015558 567390.43
0.4019786 567157.43
0.4022387 567018.73
0.4024663 566895.93
0.4026615 566786.83
0.4028892 566661.83
0.4029217 566642.53
0.4031494 566515.63
0.4033445 566407.63
0.4035722 566279.43
0.4038323 566134.23
0.4040273 566029.13
0.4042551 565908.03
0.4044826 565792.53
0.4047103 565672.73
0.4051331 565444.13
0.4053933 565309.73
0.4058161 565084.63
0.4085926 563516.03
0.4090154 563283.93
0.4092755 563147.93
0.4096054 562972.63
0.4096983 562932.03
0.4099585 562794.23
0.4100607 562745.93
0.4102883 562622.93
0.4103689 562586.73
0.4103813 562588.33
0.4106846 562423.23
0.4107111 562422.93
0.4107917 562388.83
0.4109713 562295.83
0.4110519 562261.33
0.4111074 562240.83
0.4113676 562099.03
0.4113941 562094.73
0.4114747 562057.03
0.4117348 561921.53
0.4117904 561910.03
0.4120506 561777.13
0.4121576 561735.53
0.4124734 561570.63
0.4140830 560650.43
0.4145383 560401.23
0.4147660 560285.73
0.4152213 560033.43
0.4154489 559918.23
0.4158717 559689.03
0.4168516 559133.83
0.4173069 558887.63
0.4175346 558773.63
0.4179574 558548.43
0.4182175 558414.03
0.4183319 558362.73
0.4186188 558212.03
0.4186403 558216.13
0.4187548 558169.33
0.4190149 558036.13
0.4190417 558035.73
0.4192693 557915.83
0.4194377 557828.13
0.4196979 557687.13
0.4197247 557680.43
0.4199523 557556.83
0.4201208 557463.83
0.4204077 557299.33
0.4236859 555393.53
0.4241087 555150.53
0.4243688 555002.73
0.4247916 554762.63
0.4250518 554619.33
0.4254539 554395.03
0.4254746 554395.93
0.4256841 554285.93
0.4259092 554166.33
0.4261369 554045.33
0.4261394 554048.13
0.4263671 553919.23
0.4265922 553796.53
0.4268198 553676.33
0.4268224 553684.53
0.4270500 553562.63
0.4272426 553459.73
0.4274728 553333.93
0.4278028 553150.93
0.4281622 552955.73
0.4282582 552910.53
0.4284858 552792.03
0.4286175 552731.53
0.4288452 552622.63
0.4289411 552582.73
0.4291688 552469.43
0.4293005 552407.23
0.4295282 552295.23
0.4296241 552253.93
0.4299510 552088.83
0.4308481 551608.33
0.4312709 551383.23
0.4315311 551242.63
0.4319539 551012.93
0.4319704 551005.63
0.4322141 550877.03
0.4323932 550778.63
0.4326142 550656.63
0.4326369 550641.63
0.4326534 550630.13
0.4330272 550424.83
0.4330370 550420.53
0.4330762 550401.53
0.4332646 550302.63
0.4333038 550279.23
0.4334826 550179.63
0.4337200 550047.93
0.4337591 550019.43
0.4339476 549909.13
0.4341656 549787.03
0.4343933 549660.83
0.4344030 549645.73
0.4347924 549425.83
0.4348486 549375.23
0.4352152 549167.13
0.4354753 549012.13
0.4358981 548778.63
0.4361257 548643.43
0.4365810 548398.23
0.4378016 547768.13
0.4382570 547522.53
0.4384800 547393.03
0.4384846 547370.33
0.4389353 547130.13
0.4389399 547112.93
0.4391629 546989.03
0.4391675 546971.33
0.4395903 546748.03
0.4396182 546721.83
0.4398459 546594.63
0.4402687 546374.73
0.4427313 545172.53
0.4431540 544958.53
0.4434142 544822.13
0.4435644 544738.73
0.4438370 544592.93
0.4439872 544507.83
0.4440646 544454.93
0.4442474 544356.23
0.4445199 544219.03
0.4446702 544142.23
0.4449304 544015.73
0.4450664 543946.53
0.4453532 543808.33
0.4454892 543742.33
0.4457494 543618.63
0.4461722 543422.93
0.4464324 543302.13
0.4468552 543108.23
0.4468941 543089.03
0.4470641 543012.13
0.4473169 542897.93
0.4474869 542822.83
0.4475771 542782.13
0.4477471 542705.43
0.4479999 542593.23
0.4481699 542518.63
0.4482601 542478.93
0.4483975 542415.73
0.4486829 542287.93
0.4488528 542213.23
0.4500909 541657.63
0.4505137 541469.23
0.4507739 541353.13
0.4511966 541166.03
0.4514568 541055.03
0.4515754 541010.73
0.4518796 540885.13
0.4519982 540842.13
0.4520824 540813.33
0.4522584 540741.83
0.4525377 540624.03
0.4526812 540565.43
0.4527654 540530.13
0.4529414 540452.73
0.4532207 540330.03
0.4533642 540269.03
0.4534484 540235.83
0.4538896 540039.43
0.4539037 540036.23
0.4543449 539841.33
0.4545726 539744.33
0.4550280 539539.43
0.4552556 539438.73
0.4554716 539338.63
0.4556785 539243.93
0.4559268 539131.83
0.4561545 539030.03
0.4564019 538916.03
0.4565773 538834.43
0.4568246 538716.53
0.4568374 538707.73
0.4570523 538605.13
0.4572602 538505.03
0.4575076 538384.73
0.4577352 538272.23
0.4581905 538052.73
0.4589883 537670.73
0.4591103 537608.13
0.4594111 537458.43
0.4595656 537374.33
0.4596387 537330.43
0.4597933 537246.33
0.4600940 537092.53
0.4602161 537028.23
0.4603216 536968.33
0.4604762 536881.33
0.4607770 536720.33
0.4608990 536640.63
0.4609216 536609.83
0.4613769 536360.73
0.4616046 536224.63
0.4616265 536195.83
0.4617278 536121.93
0.4620493 535939.93
0.4620599 535916.83
0.4621506 535856.03
0.4622432 535792.23
0.4622769 535760.13
0.4622876 535738.43
0.4624108 535659.33
0.4626985 535491.13
0.4627104 535467.23
0.4627323 535444.33
0.4628335 535381.53
0.4629262 535322.93
0.4629600 535299.73
0.4630612 535245.53
0.4633815 535070.03
0.4634153 535053.83
0.4635165 534999.93
0.4636092 534955.53
0.4640645 534709.53
0.4667853 533205.13
0.4671469 533007.53
0.4672285 532965.43
0.4672406 532966.53
0.4674683 532844.53
0.4675697 532796.03
0.4676838 532736.63
0.4678298 532658.13
0.4679115 532614.03
0.4679236 532610.63
0.4681513 532481.13
0.4682526 532422.73
0.4683668 532359.23
0.4684324 532325.73
0.4684803 532304.03
0.4685944 532246.83
0.4686067 532250.33
0.4688877 532094.13
0.4689356 532072.73
0.4690497 532013.73
0.4691154 531985.43
0.4695707 531726.63
0.4697983 531601.93
0.4702536 531337.93
0.4712850 530728.83
0.4717078 530478.13
0.4719680 530323.63
0.4723908 530068.43
0.4726509 529913.23
0.4727807 529837.63
0.4730737 529664.23
0.4732035 529588.03
0.4734637 529435.23
0.4738865 529182.13
0.4741141 529047.43
0.4745694 528779.23
0.4747853 528655.53
0.4752406 528383.93
0.4754683 528250.73
0.4759236 527980.73
0.4761513 527846.93
0.4763861 527711.53
0.4765741 527604.33
0.4768415 527447.93
0.4770691 527316.23
0.4773392 527157.53
0.4774919 527068.03
0.4777521 526913.83
0.4777620 526914.33
0.4778946 526836.53
0.4780222 526763.93
0.4781749 526676.43
0.4783174 526594.63
0.4784450 526519.43
0.4785776 526442.93
0.4787052 526370.73
0.4790003 526195.93
0.4791281 526125.33
0.4792280 526072.13
0.4796833 525797.63
0.4806615 525190.53
0.4810843 524935.23
0.4813119 524797.73
0.4817672 524513.23
0.4820599 524333.73
0.4825153 524049.53
0.4844634 522806.33
0.4849187 522513.53
0.4851464 522367.13
0.4851965 522336.13
0.4853364 522247.73
0.4856017 522078.03
0.4856193 522066.63
0.4857592 521975.33
0.4858293 521932.43
0.4858794 521902.33
0.4860194 521812.33
0.4861913 521700.63
0.4862521 521662.93
0.4863022 521632.33
0.4864422 521543.53
0.4865624 521468.03
0.4866465 521413.33
0.4867024 521375.73
0.4868742 521260.13
0.4869852 521187.63
0.4871252 521096.53
0.4871765 521067.63
0.4873295 520965.93
0.4875571 520809.53
0.4876319 520756.83
0.4878079 520634.23
0.4878595 520596.93
0.4880124 520491.93
0.4882307 520343.13
0.4883149 520288.43
0.4883474 520269.63
0.4884909 520175.63
0.4885425 520143.93
0.4888027 519964.23
0.4889137 519886.33
0.4889653 519850.63
0.4890304 519805.73
0.4891739 519706.23
0.4892329 519665.33
0.4894857 519492.43
0.4895967 519416.73
0.4896557 519378.03
0.4897133 519340.23
0.4899159 519199.73
0.4901686 519021.83
0.4903386 518901.13
0.4905663 518739.73
0.4910052 518431.43
0.4910216 518416.43
0.4914605 518109.73
0.4916882 517950.93
0.4921435 517637.73
0.4921806 517611.63
0.4923711 517479.63
0.4925352 517364.03
0.4926359 517290.13
0.4927939 517179.33
0.4928636 517127.83
0.4929580 517057.23
0.4932182 516872.53
0.4933189 516798.33
0.4935465 516637.83
0.4936126 516589.43
0.4936410 516566.33
0.4939012 516383.03
0.4939693 516327.13
0.4940679 516251.73
0.4942955 516089.83
0.4943239 516063.53
0.4947183 515788.73
0.4949785 515605.03
0.4954013 515312.33
0.4954775 515254.63
0.4959003 514966.13
0.4961606 514786.53
0.4965834 514498.13
0.4968435 514319.93
0.4972295 514058.23
0.4972663 514031.53
0.4976522 513773.43
0.4978799 513621.83
0.4983352 513317.83
0.4985628 513164.03
0.4990181 512859.53
0.5019452 510904.23
0.5023681 510623.33
0.5026282 510454.83
0.5030511 510175.83
0.5032787 510027.33
0.5036956 509751.03
0.5037341 509727.53
0.5041184 509473.63
0.5043461 509325.23
0.5044371 509268.23
0.5048014 509025.63
0.5048599 508990.33
0.5050291 508880.53
0.5051201 508825.83
0.5054845 508583.73
0.5055429 508552.33
0.5058031 508386.23
0.5061379 508166.53
0.5062258 508116.03
0.5065932 507875.43
0.5068209 507727.83
0.5071144 507533.03
0.5072762 507426.93
0.5075039 507275.83
0.5075372 507257.93
0.5077974 507082.83
0.5079267 506996.43
0.5082201 506796.83
0.5084803 506617.83
0.5088710 506349.63
0.5089031 506325.63
0.5090531 506223.03
0.5092939 506058.83
0.5094759 505934.73
0.5095540 505882.13
0.5097036 505781.13
0.5099768 505596.23
0.5101588 505470.93
0.5102370 505418.33
0.5103865 505316.03
0.5106598 505127.43
0.5108418 505001.83
0.5109012 504959.83
0.5113240 504665.23
0.5115517 504508.03
0.5120070 504196.83
0.5122347 504041.63
0.5126901 503728.33
0.5143510 502582.83
0.5144776 502498.83
0.5147738 502297.23
0.5149004 502212.43
0.5150340 502123.33
0.5151606 502037.73
0.5154568 501835.73
0.5155834 501747.93
0.5157169 501654.63
0.5158436 501566.33
0.5161397 501359.43
0.5162664 501270.63
0.5173911 500490.63
0.5177825 500218.23
0.5178139 500193.33
0.5178364 500174.33
0.5180416 500029.13
0.5182378 499889.93
0.5182674 499866.93
0.5182918 499846.83
0.5183442 499806.23
0.5184654 499717.53
0.5184969 499692.53
0.5185194 499672.93
0.5185718 499633.53
0.5186902 499549.23
0.5187246 499522.23
0.5189207 499383.53
0.5189504 499360.43
0.5189747 499339.73
0.5190271 499301.03
0.5191484 499213.23
0.5191799 499188.83
0.5192024 499170.33
0.5192548 499130.33
0.5193732 499044.33
0.5196009 498884.23
0.5196037 498878.33
0.5196252 498858.73
0.5196776 498817.43
0.5200562 498549.73
0.5212231 497738.53
0.5216459 497441.83
0.5218735 497280.03
0.5223288 496961.13
0.5225565 496799.13
0.5228655 496582.63
0.5230118 496478.23
0.5230732 496431.73
0.5233208 496256.23
0.5235285 496107.33
0.5235485 496089.83
0.5237561 495943.13
0.5240038 495769.13
0.5241814 495643.73
0.5242115 495622.33
0.5242314 495609.23
0.5244391 495466.63
0.5245660 495381.13
0.5246367 495334.63
0.5246542 495325.73
0.5248616 495186.53
0.5248643 495191.43
0.5248944 495178.23
0.5250214 495095.73
0.5252815 494918.53
0.5252871 494919.53
0.5253169 494906.53
0.5255446 494753.83
0.5255473 494759.43
0.5257368 494633.33
0.5259674 494478.13
0.5259700 494481.73
0.5259970 494467.83
0.5262276 494308.33
0.5264523 494151.83
0.5266504 494012.93
0.5271819 493640.43
0.5276373 493323.63
0.5276755 493302.23
0.5277474 493257.73
0.5278649 493181.83
0.5280983 493023.63
0.5281702 492980.53
0.5282877 492905.73
0.5283585 492863.33
0.5284304 492817.63
0.5285479 492737.03
0.5287813 492573.23
0.5288532 492523.33
0.5289706 492440.73
0.5290090 492413.83
0.5290809 492364.53
0.5294643 492094.03
0.5295362 492045.33
0.5342519 488698.33
0.5346747 488398.73
0.5349349 488214.73
0.5353577 487915.03
0.5355853 487755.43
0.5357192 487663.83
0.5360406 487436.93
0.5361745 487343.23
0.5364022 487182.33
0.5368575 486860.33
0.5369689 486781.43
0.5370852 486699.13
0.5373917 486480.43
0.5375406 486372.23
0.5376519 486290.93
0.5380746 485989.43
0.5383348 485802.73
0.5387576 485501.23
0.5388238 485451.83
0.5392466 485148.03
0.5395067 484960.93
0.5398266 484730.93
0.5399295 484654.93
0.5401897 484467.03
0.5402820 484399.03
0.5405096 484234.53
0.5406125 484159.03
0.5409650 483903.53
0.5411473 483770.33
0.5411927 483735.13
0.5416027 483439.53
0.5416480 483404.33
0.5418303 483271.03
0.5418588 483249.03
0.5422857 482939.63
0.5423104 482919.13
0.5423141 482912.33
0.5425133 482765.33
0.5425418 482741.83
0.5425800 482711.03
0.5426223 482677.23
0.5427656 482569.93
0.5429646 482422.33
0.5429687 482415.93
0.5429933 482395.23
0.5430353 482361.93
0.5430776 482328.43
0.5432248 482218.83
0.5432630 482188.53
0.5433053 482153.73
0.5434486 482044.13
0.5436475 481894.33
0.5436763 481868.93
0.5437183 481833.73
0.5437606 481798.93
0.5438230 481750.23
0.5439459 481658.73
0.5439882 481625.33
0.5440990 481542.03
0.5442783 481408.53
0.5444012 481317.03
0.5444110 481308.53
0.5445060 481240.53
0.5449614 480907.23
0.5451890 480742.03
0.5456118 480431.53
0.5475366 479011.43
0.5478320 478793.23
0.5479066 478737.13
0.5479594 478697.13
0.5482195 478502.63
0.5482548 478477.93
0.5483618 478399.43
0.5485150 478286.93
0.5485895 478234.63
0.5486423 478198.33
0.5489025 478006.93
0.5489377 477984.53
0.5490123 477930.63
0.5491979 477790.33
0.5492725 477734.43
0.5493253 477694.63
0.5496207 477471.63
0.5496952 477414.73
0.5505634 476760.33
0.5509863 476442.53
0.5512465 476247.93
0.5516692 475930.73
0.5518969 475761.53
0.5523522 475418.93
0.5532209 474763.13
0.5536437 474445.13
0.5539039 474250.73
0.5543266 473930.33
0.5545543 473758.23
0.5550096 473412.83
0.5581678 471011.23
0.5586231 470665.13
0.5588507 470491.73
0.5593060 470143.43
0.5594057 470063.03
0.5595337 469961.23
0.5596303 469884.43
0.5598285 469729.43
0.5599565 469627.33
0.5600856 469524.43
0.5600887 469516.73
0.5603132 469338.03
0.5605115 469179.53
0.5607336 469002.93
0.5607685 468971.53
0.5607716 468966.03
0.5609497 468823.53
0.5609962 468783.73
0.5611564 468656.93
0.5611944 468623.73
0.5613725 468482.23
0.5613840 468468.23
0.5614190 468436.93
0.5616002 468291.73
0.5618394 468101.13
0.5620555 467928.73
0.5620671 467918.23
0.5622831 467748.33
0.5625224 467558.73
0.5627385 467387.83
0.5638715 466489.33
0.5641316 466284.33
0.5641722 466253.53
0.5645544 465950.93
0.5646275 465895.93
0.5648146 465750.63
0.5648552 465725.33
0.5652374 465426.03
0.5652780 465400.93
0.5655381 465198.63
0.5659609 464865.83
0.5665300 464414.83
0.5669853 464054.53
0.5672130 463876.43
0.5672480 463852.13
0.5675203 463636.03
0.5676358 463546.73
0.5677033 463496.03
0.5678960 463342.93
0.5679309 463316.53
0.5679430 463308.53
0.5680037 463261.23
0.5682032 463102.63
0.5683187 463010.43
0.5683862 462958.13
0.5684265 462929.53
0.5686260 462771.73
0.5686464 462760.03
0.5686542 462759.43
0.5688861 462575.63
0.5690692 462429.73
0.5691095 462402.13
0.5693371 462222.13
0.5693415 462223.23
0.5694242 462159.43
0.5697925 461860.23
0.5698796 461790.63
0.5701072 461606.13
0.5705626 461234.33
0.5707902 461048.83
0.5712456 460674.43
0.5734856 458830.13
0.5739409 458454.93
0.5740247 458387.73
0.5741686 458270.83
0.5744801 458014.83
0.5745913 457924.63
0.5747078 457831.13
0.5748515 457713.23
0.5751631 457455.63
0.5752543 457380.43
0.5752743 457363.83
0.5753908 457267.53
0.5757097 457002.93
0.5758136 456916.13
0.5759373 456811.63
0.5763926 456430.13
0.5766203 456239.73
0.5770756 455858.23
0.5782820 454846.23
0.5787048 454488.53
0.5789649 454266.23
0.5793877 453907.13
0.5796479 453686.43
0.5800707 453331.03
0.5803222 453119.63
0.5807450 452764.53
0.5810052 452545.13
0.5814280 452190.53
0.5816557 451999.03
0.5821110 451616.63
0.5837351 450252.93
0.5841579 449896.03
0.5844180 449676.73
0.5848408 449321.13
0.5850685 449129.43
0.5855238 448746.53
0.5855559 448719.63
0.5859787 448363.83
0.5862063 448171.83
0.5866617 447788.53
0.5868893 447596.23
0.5873447 447212.13
0.5888034 445983.63
0.5892587 445600.93
0.5893903 445491.13
0.5894864 445410.33
0.5896482 445275.43
0.5898456 445109.53
0.5899417 445028.13
0.5900710 444920.43
0.5900733 444918.23
0.5901694 444837.53
0.5903131 444717.03
0.5903311 444702.23
0.5905286 444535.83
0.5905921 444482.53
0.5907359 444361.73
0.5907539 444346.63
0.5907562 444345.03
0.5909961 444143.13
0.5910141 444129.33
0.5911790 443992.53
0.5912633 443924.23
0.5914189 443796.43
0.5914369 443783.83
0.5916791 443581.03
0.5916861 443576.93
0.5919463 443358.03
0.5921019 443227.93
0.5923691 443003.53
0.5925665 442837.83
0.5926293 442786.13
0.5929893 442482.33
0.5930521 442429.33
0.5931226 442369.63
0.5932494 442260.83
0.5932707 442241.33
0.5935453 442006.23
0.5936722 441899.93
0.5937260 441855.83
0.5937730 441818.23
0.5939324 441686.23
0.5939537 441672.03
0.5942283 441442.13
0.5943201 441368.13
0.5943552 441342.83
0.5943765 441326.63
0.5944560 441260.83
0.5946366 441108.33
0.5947754 440991.73
0.5949113 440876.83
0.5950031 440799.23
0.5950594 440752.83
0.5954584 440411.63
0.5956860 440216.83
0.5961414 439825.23
0.5976674 438515.63
0.5981227 438124.03
0.5982519 438011.43
0.5982926 437974.83
0.5983504 437924.63
0.5987073 437616.03
0.5987371 437587.73
0.5987480 437577.23
0.5987731 437554.13
0.5989349 437413.43
0.5989756 437376.53
0.5990333 437323.33
0.5991924 437184.03
0.5993903 437013.03
0.5993985 437006.43
0.5994200 436988.63
0.5994561 436958.03
0.5996179 436818.93
0.5996586 436783.33
0.5998753 436598.13
0.6000733 436429.73
0.6000815 436425.23
0.6001355 436381.53
0.6005583 436018.53
0.6024626 434380.43
0.6028854 434016.63
0.6031131 433820.43
0.6035684 433427.23
0.6037961 433229.53
0.6042513 432836.93
0.6045493 432579.53
0.6049721 432217.43
0.6052323 431996.43
0.6052409 431992.63
0.6056550 431637.43
0.6056962 431603.73
0.6058827 431444.83
0.6059239 431410.73
0.6063380 431054.03
0.6063792 431019.73
0.6066068 430824.23
0.6070297 430458.93
0.6078355 429762.23
0.6082908 429368.23
0.6085184 429169.33
0.6089737 428773.23
0.6092014 428572.83
0.6096567 428174.23
0.6100810 427802.13
0.6103218 427589.33
0.6105038 427429.33
0.6107315 427229.63
0.6107446 427214.43
0.6109723 427014.73
0.6111868 426826.13
0.6114145 426627.93
0.6114276 426614.43
0.6116553 426415.83
0.6118698 426229.43
0.6121106 426020.83
0.6142076 424212.23
0.6146629 423821.63
0.6148905 423627.63
0.6153109 423269.03
0.6153458 423238.73
0.6155734 423042.23
0.6157662 422874.83
0.6159938 422677.23
0.6160288 422645.53
0.6164492 422279.83
0.6166768 422082.43
0.6171321 421688.73
0.6177835 421127.33
0.6182389 420734.83
0.6184665 420538.63
0.6189218 420147.83
0.6191495 419954.23
0.6196048 419564.33
0.6196336 419540.43
0.6200564 419178.23
0.6203165 418956.63
0.6207393 418595.33
0.6209995 418374.23
0.6214223 418014.03
0.6231730 416513.33
0.6235958 416156.13
0.6238520 415940.03
0.6238559 415942.33
0.6242747 415586.83
0.6242787 415588.03
0.6245064 415396.43
0.6245349 415378.43
0.6249577 415019.03
0.6249617 415019.03
0.6251853 414829.43
0.6256406 414441.63
0.6261423 414013.33
0.6265976 413624.83
0.6268252 413431.03
0.6272806 413040.13
0.6275082 412844.43
0.6279635 412452.63
0.6289175 411631.73
0.6293403 411264.23
0.6293478 411251.43
0.6296004 411026.73
0.6298031 410843.63
0.6300232 410642.63
0.6300308 410627.43
0.6302509 410428.73
0.6304861 410214.63
0.6307062 410013.23
0.6307138 409996.73
0.6311691 409589.23
0.6322837 408602.93
0.6327391 408191.43
0.6328125 408113.23
0.6329668 407962.73
0.6332677 407684.63
0.6333896 407561.93
0.6334954 407455.03
0.6335572 407389.53
0.6336498 407299.43
0.6339182 407052.33
0.6340126 406959.63
0.6340726 406898.73
0.6341784 406797.63
0.6342402 406736.73
0.6346011 406408.83
0.6346631 406350.63
0.6348726 406159.13
0.6349232 406112.43
0.6351949 405867.43
0.6353279 405745.23
0.6353461 405726.23
0.6355555 405536.13
0.6356177 405478.83
0.6358779 405243.43
0.6360108 405123.53
0.6362385 404917.93
0.6363007 404861.43
0.6365283 404655.23
0.6366938 404504.53
0.6369837 404240.13
0.6373852 403872.13
0.6378080 403484.83
0.6378527 403442.23
0.6380682 403245.03
0.6383080 403025.53
0.6384910 402855.43
0.6385356 402815.33
0.6387187 402648.43
0.6389909 402400.73
0.6391740 402234.03
0.6392186 402196.43
0.6396739 401776.23
0.6440224 397739.93
0.6444452 397342.33
0.6447053 397095.03
0.6451281 396691.13
0.6453558 396468.93
0.6458111 396033.53
0.6461718 395684.43
0.6466271 395246.63
0.6468548 395024.53
0.6473101 394584.43
0.6475378 394359.03
0.6477690 394134.83
0.6479931 393916.43
0.6481918 393723.83
0.6484519 393471.33
0.6488747 393066.03
0.6490503 392896.93
0.6491024 392844.93
0.6495057 392456.33
0.6495577 392404.93
0.6497334 392236.53
0.6501562 391828.73
0.6504163 391578.43
0.6508392 391168.83
0.6510585 390957.83
0.6515138 390513.53
0.6517414 390293.13
0.6521967 389850.63
0.6524243 389629.13
0.6528472 389215.83
0.6532003 388871.23
0.6534836 388594.53
0.6536556 388430.03
0.6538833 388212.03
0.6539389 388163.33
0.6541666 387942.63
0.6543386 387778.13
0.6545663 387559.53
0.6545893 387543.73
0.6548495 387297.43
0.6550216 387135.63
0.6552723 386898.13
0.6580480 384150.43
0.6584708 383738.93
0.6587309 383491.73
0.6591537 383082.53
0.6593814 382867.13
0.6598367 382424.83
0.6600534 382222.63
0.6604762 381813.23
0.6606890 381610.83
0.6607363 381575.13
0.6611443 381178.13
0.6611591 381173.23
0.6613720 380969.73
0.6614193 380934.23
0.6618273 380537.33
0.6618746 380501.83
0.6620550 380334.23
0.6625103 379891.03
0.6628947 379521.63
0.6633175 379111.93
0.6635777 378866.23
0.6640004 378455.93
0.6642606 378211.23
0.6643042 378184.63
0.6646834 377815.63
0.6647270 377784.03
0.6649872 377535.93
0.6654100 377125.53
0.6656702 376876.33
0.6660930 376460.03
0.6661367 376424.43
0.6665920 375977.53
0.6668197 375757.43
0.6672750 375309.83
0.6675026 375088.33
0.6679254 374669.33
0.6735674 368975.03
0.6739903 368552.53
0.6742505 368292.23
0.6746733 367864.83
0.6749010 367633.83
0.6753563 367167.33
0.6765330 365968.63
0.6766803 365815.83
0.6769883 365497.13
0.6771031 365372.83
0.6772159 365251.63
0.6773633 365094.53
0.6776713 364777.33
0.6777005 364743.23
0.6777861 364653.73
0.6778195 364617.23
0.6778989 364536.63
0.6780463 364387.03
0.6781232 364308.43
0.6782423 364186.13
0.6783217 364104.03
0.6783509 364074.63
0.6784690 363955.23
0.6785024 363921.43
0.6788062 363610.33
0.6789252 363482.53
0.6790046 363392.13
0.6790339 363351.13
0.6791854 363183.93
0.6794274 362924.03
0.6794892 362846.43
0.6796082 362712.13
0.6796876 362620.53
0.6801104 362173.93
0.6803706 361892.83
0.6807934 361447.43
0.6811409 361077.43
0.6815637 360633.63
0.6818238 360357.43
0.6822466 359913.73
0.6824742 359671.13
0.6824888 359648.43
0.6829116 359209.43
0.6829296 359187.53
0.6831718 358935.63
0.6832493 358853.43
0.6835946 358497.83
0.6837046 358385.03
0.6838223 358266.33
0.6839323 358159.03
0.6842776 357814.83
0.6843550 357740.93
0.6846152 357480.83
0.6846814 357419.13
0.6850380 357063.13
0.6851042 357003.83
0.6853318 356781.83
0.6857871 356331.13
0.6860148 356108.63
0.6864701 355659.03
0.6880328 354091.93
0.6884881 353648.43
0.6887157 353436.63
0.6891385 353025.93
0.6893987 352775.23
0.6898214 352359.23
0.6915353 350641.43
0.6918679 350318.33
0.6919906 350205.93
0.6922182 349986.23
0.6922907 349918.93
0.6925509 349665.13
0.6926410 349577.33
0.6929012 349320.73
0.6929737 349250.83
0.6932338 348991.13
0.6933240 348903.33
0.6935706 348659.93
0.6936566 348573.53
0.6940259 348204.93
0.6942535 347975.83
0.6943875 347837.83
0.6947088 347513.73
0.6948428 347379.83
0.6949365 347282.53
0.6950704 347146.73
0.6953592 346855.83
0.6955257 346686.63
0.6957534 346456.73
0.6962087 346003.63
0.6967068 345506.13
0.6971296 345086.43
0.6972093 345004.03
0.6973898 344819.73
0.6976647 344541.23
0.6978125 344389.03
0.6978924 344304.23
0.6980402 344151.03
0.6983477 343844.73
0.6984955 343696.93
0.6985754 343617.73
0.6989982 343207.63
0.7035381 338782.73
0.7039933 338349.13
0.7042210 338138.03
0.7046763 337705.73
0.7049039 337496.83
0.7053267 337097.63
0.7064862 335982.83
0.7069415 335557.03
0.7071691 335349.03
0.7086662 333914.53
0.7089579 333647.93
0.7090890 333533.63
0.7093492 333290.43
0.7094132 333237.03
0.7096408 333027.13
0.7097720 332910.53
0.7100322 332669.13
0.7100636 332642.33
0.7103238 332395.83
0.7104550 332271.63
0.7107466 331997.23
0.7108655 331886.23
0.7112883 331483.93
0.7115160 331266.83
0.7119713 330833.63
0.7121989 330619.53
0.7125406 330298.13
0.7126542 330195.93
0.7129960 329873.43
0.7131366 329740.63
0.7132236 329658.03
0.7135919 329306.93
0.7136789 329225.93
0.7138195 329089.73
0.7139066 329006.73
0.7142423 328685.83
0.7143294 328599.63
0.7145025 328433.13
0.7149253 328026.33
0.7164769 326544.83
0.7168997 326138.33
0.7171599 325885.23
0.7175827 325476.13
0.7178429 325221.73
0.7182656 324810.53
0.7184141 324660.93
0.7188693 324221.83
0.7190970 323999.43
0.7193404 323758.63
0.7195523 323543.93
0.7197800 323314.23
0.7197957 323288.33
0.7200234 323058.23
0.7202353 322846.43
0.7204787 322604.13
0.7207064 322374.23
0.7211292 321957.03
0.7218203 321281.83
0.7221705 320930.43
0.7222756 320810.73
0.7225033 320576.03
0.7225933 320471.13
0.7228534 320207.53
0.7229585 320093.13
0.7231862 319868.03
0.7232762 319770.93
0.7235364 319510.83
0.7236415 319399.73
0.7239591 319087.63
0.7277656 315503.83
0.7282209 315061.43
0.7284485 314837.93
0.7289039 314394.43
0.7291316 314169.33
0.7295869 313733.13
0.7334249 310127.93
0.7335163 310029.83
0.7338802 309678.53
0.7339716 309581.73
0.7341079 309438.03
0.7341993 309341.03
0.7345632 308992.23
0.7346221 308931.03
0.7347908 308765.23
0.7348822 308674.03
0.7351404 308425.53
0.7352136 308349.03
0.7353050 308256.13
0.7355957 307973.13
0.7358234 307753.53
0.7362787 307319.73
0.7365064 307098.83
0.7369617 306663.63
0.7394639 304292.03
0.7399193 303856.13
0.7401469 303636.83
0.7405697 303231.83
0.7408299 302981.03
0.7412527 302578.13
0.7426964 301208.13
0.7427876 301130.43
0.7431517 300797.13
0.7432104 300754.93
0.7433794 300607.53
0.7434380 300566.53
0.7438347 300204.03
0.7438934 300164.93
0.7440623 300014.33
0.7441210 299973.83
0.7445176 299608.73
0.7445764 299565.73
0.7448077 299358.13
0.7452305 298966.53
0.7454907 298729.33
0.7459135 298336.63
0.7461737 298096.83
0.7465965 297697.63
0.7466243 297676.53
0.7470471 297273.13
0.7473073 297019.63
0.7477301 296602.73
0.7479577 296378.13
0.7483024 296033.13
0.7484130 295912.23
0.7487252 295597.73
0.7489853 295327.43
0.7494082 294902.23
0.7496683 294635.13
0.7500911 294206.63
0.7515365 292766.03
0.7519919 292297.43
0.7522195 292054.23
0.7526749 291584.93
0.7528428 291404.93
0.7529025 291332.53
0.7532981 290925.63
0.7533579 290857.13
0.7535257 290676.83
0.7539811 290207.13
0.7542087 289973.03
0.7543180 289862.03
0.7546315 289550.13
0.7547734 289411.83
0.7550010 289186.53
0.7554238 288766.73
0.7556840 288511.53
0.7561068 288086.93
0.7588095 285366.73
0.7590198 285148.53
0.7592323 284924.83
0.7594751 284672.53
0.7594924 284650.93
0.7597027 284433.33
0.7599477 284184.03
0.7601255 284005.43
0.7601754 283958.63
0.7603857 283748.83
0.7606307 283501.73
0.7608084 283319.43
0.7634687 280591.23
0.7638915 280156.43
0.7641517 279886.83
0.7645745 279451.53
0.7648347 279183.33
0.7652574 278744.23
0.7670702 276857.13
0.7674254 276480.93
0.7675093 276386.13
0.7675255 276365.53
0.7677531 276126.53
0.7677795 276100.03
0.7679647 275909.83
0.7680759 275803.33
0.7681759 275702.83
0.7681923 275690.93
0.7682023 275687.73
0.7683361 275556.43
0.7684361 275461.13
0.7684625 275437.73
0.7686477 275243.13
0.7687589 275124.23
0.7688589 275015.03
0.7688754 274995.03
0.7688852 274981.13
0.7690191 274829.13
0.7691454 274685.63
0.7693307 274475.03
0.7694419 274346.23
0.7695682 274205.73
0.7696195 274149.13
0.7700424 273693.73
0.7703025 273413.23
0.7707253 272955.33
0.7709855 272671.23
0.7714083 272210.23
0.7720966 271465.53
0.7725195 271008.43
0.7725508 270973.23
0.7727797 270725.43
0.7729736 270516.83
0.7732024 270274.43
0.7732337 270242.93
0.7734626 269993.93
0.7736565 269782.23
0.7738854 269534.63
0.7739167 269506.03
0.7743394 269049.73
0.7781907 264846.43
0.7786135 264388.43
0.7788737 264106.43
0.7792965 263646.23
0.7794929 263429.23
0.7795566 263363.83
0.7799157 262974.83
0.7799794 262903.93
0.7801759 262689.13
0.7805987 262220.23
0.7808589 261929.53
0.7808769 261906.03
0.7812817 261457.13
0.7813323 261402.43
0.7815600 261154.33
0.7820153 260654.03
0.7822430 260404.23
0.7826983 259902.53
0.7840029 258459.63
0.7842971 258141.43
0.7844257 258009.23
0.7845880 257837.63
0.7846859 257735.43
0.7847198 257704.93
0.7849800 257424.03
0.7850108 257400.23
0.7851087 257304.73
0.7852710 257144.63
0.7853689 257054.43
0.7854028 257034.03
0.7856630 256759.03
0.7856938 256738.43
0.7857916 256636.83
0.7859215 256499.03
0.7860857 256319.43
0.7863768 255995.33
0.7888270 253250.33
0.7890693 252984.83
0.7892823 252750.83
0.7895246 252485.93
0.7895425 252473.53
0.7897522 252241.83
0.7899652 252010.83
0.7901750 251781.73
0.7902254 251731.73
0.7904352 251504.93
0.7906482 251277.33
0.7908580 251056.03
0.7911208 250775.03
0.7915289 250339.83
0.7915761 250307.73
0.7918038 250071.93
0.7919517 249919.93
0.7920711 249805.73
0.7922119 249668.23
0.7922266 249671.03
0.7924868 249404.73
0.7925264 249378.63
0.7926346 249280.03
0.7927541 249164.63
0.7928948 249027.03
0.7929422 248987.83
0.7932094 248703.83
0.7933176 248593.53
0.7934370 248472.93
0.7935187 248390.63
0.7938924 247990.23
0.7939415 247940.23
0.7942017 247661.73
0.7946245 247200.23
0.7948846 246913.53
0.7953074 246448.03
0.7976339 243932.03
0.7978031 243745.63
0.7980892 243438.83
0.7982584 243259.63
0.7983168 243193.03
0.7984860 243009.53
0.7987721 242698.63
0.7989089 242545.53
0.7989998 242442.03
0.7991690 242259.03
0.7994550 241952.83
0.7995918 241803.43
0.8003557 240999.93
0.8007785 240559.23
0.8010387 240289.93
0.8010701 240256.73
0.8014615 239852.93
0.8015254 239794.13
0.8017217 239600.73
0.8017531 239575.13
0.8021445 239184.53
0.8021759 239167.43
0.8024361 238918.43
0.8028589 238507.93
0.8046667 236707.43
0.8050895 236300.33
0.8053497 236055.13
0.8057725 235653.83
0.8060002 235450.23
0.8064555 235023.83
0.8090641 232481.33
0.8094869 232085.73
0.8097146 231878.03
0.8101699 231443.93
0.8103975 231235.03
0.8106470 231008.33
0.8108528 230823.83
0.8111024 230589.53
0.8113301 230375.23
0.8117854 229934.13
0.8120131 229712.23
0.8124684 229272.23
0.8137279 228063.83
0.8141506 227658.33
0.8144108 227411.93
0.8147041 227143.83
0.8148019 227065.73
0.8148336 227047.53
0.8150937 226813.23
0.8151269 226785.43
0.8152247 226696.73
0.8153871 226545.63
0.8154849 226457.43
0.8155166 226431.53
0.8158099 226166.03
0.8159076 226080.93
0.8160375 225968.33
0.8161678 225855.93
0.8164928 225564.23
0.8165906 225474.53
0.8174602 224693.83
0.8176845 224498.23
0.8179155 224294.13
0.8181072 224128.13
0.8181432 224099.73
0.8183674 223898.03
0.8185660 223724.93
0.8187795 223535.73
0.8187902 223519.13
0.8188262 223481.63
0.8190503 223273.33
0.8192023 223126.53
0.8192489 223068.83
0.8194624 222863.23
0.8194731 222832.33
0.8198852 222452.43
0.8201289 222218.43
0.8201454 222181.83
0.8205518 221811.33
0.8205682 221777.43
0.8208120 221549.83
0.8212348 221171.63
0.8214624 220958.13
0.8219178 220555.33
0.8227391 219847.53
0.8231619 219475.23
0.8234221 219240.93
0.8238448 218867.43
0.8241050 218629.93
0.8245278 218264.73
0.8256863 217283.53
0.8261416 216895.53
0.8263693 216698.83
0.8267921 216341.43
0.8269849 216170.73
0.8270523 216108.53
0.8274077 215807.03
0.8274751 215744.33
0.8274827 215730.33
0.8276679 215569.83
0.8279381 215342.83
0.8279507 215324.73
0.8280907 215202.93
0.8281657 215131.73
0.8283509 214969.53
0.8283734 214939.93
0.8285886 214748.93
0.8286011 214723.33
0.8287737 214567.93
0.8288488 214492.53
0.8290564 214305.33
0.8292716 214111.83
0.8292840 214088.63
0.8297393 213716.63
0.8297947 213667.83
0.8302175 213333.93
0.8304776 213129.73
0.8309004 212794.63
0.8311281 212614.33
0.8315834 212258.03
0.8332561 210938.93
0.8337114 210582.93
0.8337978 210516.63
0.8339390 210407.93
0.8342531 210165.73
0.8343618 210084.03
0.8344807 209995.43
0.8346220 209895.83
0.8349361 209657.43
0.8350448 209579.93
0.8351637 209494.33
0.8355865 209177.63
0.8361790 208729.43
0.8366018 208418.13
0.8368295 208256.63
0.8372848 207917.93
0.8375450 207731.73
0.8379678 207425.13
0.8387241 206864.33
0.8391468 206561.43
0.8394070 206383.83
0.8398298 206085.63
0.8400575 205938.13
0.8405127 205622.23
0.8424569 204179.93
0.8428797 203894.73
0.8431398 203726.53
0.8432265 203687.63
0.8435178 203494.23
0.8435626 203488.03
0.8436493 203450.03
0.8437903 203370.33
0.8438770 203323.13
0.8439731 203267.43
0.8442007 203108.33
0.8442456 203081.03
0.8443323 203023.83
0.8445600 202869.73
0.8446235 202829.03
0.8448837 202641.43
0.8450153 202546.93
0.8453065 202338.83
0.8459462 201880.33
0.8463690 201576.33
0.8466292 201392.23
0.8470520 201093.93
0.8472797 200939.43
0.8476039 200720.53
0.8477350 200639.13
0.8480267 200442.53
0.8482543 200296.83
0.8486811 200014.73
0.8487096 200015.23
0.8489373 199874.53
0.8491039 199782.93
0.8493641 199624.73
0.8493925 199625.13
0.8497869 199377.33
0.8500145 199245.83
0.8501652 199159.43
0.8504698 198967.43
0.8505880 198897.73
0.8508482 198738.53
0.8512710 198476.03
0.8513261 198454.83
0.8515312 198328.13
0.8517814 198172.93
0.8519540 198066.13
0.8520091 198035.33
0.8523875 197796.43
0.8524645 197748.73
0.8526921 197600.43
0.8528103 197517.53
0.8528252 197501.73
0.8530705 197345.03
0.8531143 197314.23
0.8531149 197309.73
0.8532806 197202.23
0.8534933 197059.03
0.8535082 197035.23
0.8535371 196998.83
0.8537535 196854.73
0.8537648 196825.13
0.8539636 196687.13
0.8541763 196532.63
0.8541912 196487.13
0.8542201 196432.03
0.8544477 196262.93
0.8546140 196135.03
0.8549030 195947.63
0.8589518 193657.63
0.8594071 193392.43
0.8596348 193257.23
0.8600901 192995.53
0.8603177 192864.73
0.8607730 192611.23
0.8637284 191016.83
0.8637830 190997.73
0.8641512 190812.53
0.8642383 190777.33
0.8644114 190689.83
0.8644659 190662.33
0.8648342 190464.13
0.8648887 190425.23
0.8650944 190321.63
0.8651489 190292.73
0.8653661 190183.53
0.8655171 190108.43
0.8655717 190080.63
0.8658214 189957.13
0.8660491 189843.13
0.8665044 189622.23
0.8667321 189515.73
0.8671875 189309.03
0.8676521 189105.73
0.8677439 189073.13
0.8681074 188920.93
0.8681667 188914.33
0.8683351 188847.03
0.8684269 188813.33
0.8686116 188741.73
0.8687904 188670.73
0.8688497 188650.63
0.8690180 188581.13
0.8690669 188564.73
0.8691098 188549.13
0.8691266 188537.93
0.8692946 188473.33
0.8694733 188409.13
0.8695327 188392.33
0.8695494 188389.13
0.8697174 188337.23
0.8698096 188314.03
0.8699775 188260.73
0.8702324 188177.03
0.8704003 188132.03
0.8704926 188114.43
0.8709154 187979.93
0.8722779 187517.33
0.8724420 187489.93
0.8727007 187418.63
0.8728973 187375.33
0.8729609 187379.83
0.8731250 187345.13
0.8733837 187283.93
0.8735803 187240.43
0.8736439 187237.93
0.8738079 187207.43
0.8740667 187147.13
0.8742632 187107.03
0.8743512 187103.83
0.8747741 187005.93
0.8749052 186988.83
0.8750343 186974.43
0.8753279 186909.33
0.8754571 186886.93
0.8755881 186866.83
0.8756847 186850.53
0.8760109 186775.23
0.8761401 186756.13
0.8762711 186733.83
0.8766938 186646.53
0.8790888 186151.53
0.8791540 186153.43
0.8795441 186092.03
0.8796093 186097.63
0.8797718 186079.93
0.8798369 186083.03
0.8801330 186042.73
0.8802271 186031.63
0.8802923 186028.43
0.8804548 185999.73
0.8805199 185988.73
0.8805558 185975.83
0.8808159 185930.93
0.8809101 185894.53
0.8809752 185864.73
0.8812387 185820.63
0.8814989 185779.23
0.8819217 185749.13
0.8830292 185694.73
0.8834845 185677.43
0.8837122 185677.03
0.8841675 185670.93
0.8843635 185664.03
0.8843951 185685.13
0.8847863 185698.93
0.8848179 185715.93
0.8850465 185731.73
0.8854692 185744.53
0.8857294 185746.03
0.8861522 185761.73
0.8889696 185876.13
0.8894249 185911.83
0.8896526 185944.23
0.8901079 185998.43
0.8903355 186037.43
0.8907909 186088.93
0.8913038 186159.53
0.8917592 186219.23
0.8919868 186261.33
0.8922071 186300.03
0.8924421 186341.03
0.8925046 186375.53
0.8926625 186415.73
0.8926698 186438.93
0.8928901 186483.73
0.8929274 186500.43
0.8929311 186513.63
0.8931251 186553.93
0.8931876 186577.63
0.8933127 186606.53
0.8933454 186623.43
0.8933864 186638.13
0.8935731 186672.73
0.8936103 186687.63
0.8936140 186693.03
0.8937355 186728.33
0.8938380 186751.93
0.8939957 186794.83
0.8940284 186802.43
0.8940693 186808.83
0.8942933 186850.23
0.8942970 186835.23
0.8944185 186846.73
0.8946462 186880.03
0.8947523 186884.33
0.8951015 186961.93
0.8977342 187732.43
0.8981570 187850.43
0.8982495 187867.03
0.8984171 187896.63
0.8986722 187960.33
0.8987836 187976.93
0.8988399 187975.73
0.8989324 187978.83
0.8991001 188021.03
0.8992064 188044.73
0.8993552 188090.73
0.8994666 188112.33
0.8995229 188114.83
0.8996154 188128.23
0.8998894 188219.23
0.9000382 188261.13
0.9000650 188249.23
0.9001496 188261.73
0.9004878 188383.03
0.9005724 188395.63
0.9007479 188465.03
0.9011707 188657.53
0.9013984 188759.03
0.9018538 188975.63
0.9027523 189429.43
0.9031751 189649.83
0.9034028 189772.73
0.9038581 190008.53
0.9040857 190119.23
0.9045411 190378.13
0.9049223 190591.93
0.9053776 190854.43
0.9056053 190987.93
0.9060606 191262.53
0.9062882 191408.13
0.9067435 191688.93
0.9080863 192558.53
0.9085416 192865.13
0.9087693 193025.33
0.9092246 193337.43
0.9094522 193512.83
0.9099075 193854.63
0.9103623 194202.23
0.9104556 194281.93
0.9107851 194536.83
0.9108784 194635.73
0.9110452 194773.23
0.9111061 194827.53
0.9113185 195001.53
0.9114680 195135.23
0.9115614 195244.63
0.9117282 195405.13
0.9117739 195482.83
0.9117890 195531.33
0.9120016 195745.53
0.9121510 195921.63
0.9122443 196049.23
0.9124569 196274.53
0.9126846 196522.43
0.9131074 196944.73
0.9133396 197202.93
0.9136676 197548.63
0.9137624 197669.13
0.9139901 197920.53
0.9141230 198087.13
0.9143506 198339.43
0.9144454 198447.23
0.9146730 198700.93
0.9148060 198860.63
0.9150337 199102.73
0.9151284 199223.13
0.9154890 199610.13
0.9162008 200384.03
0.9166236 200847.03
0.9168512 201121.33
0.9173066 201652.93
0.9175342 201928.93
0.9178114 202251.73
0.9179206 202394.73
0.9179895 202496.43
0.9182342 202775.73
0.9183434 202910.53
0.9184618 203046.53
0.9186036 203204.33
0.9189171 203551.73
0.9189874 203616.73
0.9190264 203639.23
0.9191447 203753.83
0.9192866 203888.33
0.9194102 204040.33
0.9196001 204263.63
0.9196704 204338.03
0.9197093 204378.33
0.9200932 204852.83
0.9203533 205177.03
0.9207762 205724.23
0.9226192 208186.53
0.9230745 208794.13
0.9233022 209090.03
0.9233391 209104.53
0.9237575 209649.63
0.9237945 209669.73
0.9239851 209887.33
0.9240221 209890.93
0.9244079 210397.33
0.9244774 210424.33
0.9247051 210690.93
0.9251604 211300.93
0.9272916 214412.13
0.9277468 215036.73
0.9279745 215344.53
0.9284298 215986.23
0.9286574 216297.33
0.9290803 216929.23
0.9293881 217379.43
0.9298435 218064.33
0.9298888 218106.83
0.9300711 218369.53
0.9303117 218727.33
0.9305264 219044.83
0.9305718 219098.93
0.9307541 219365.23
0.9309947 219730.33
0.9311769 219991.83
0.9312223 220036.33
0.9316776 220768.13
0.9326585 222414.33
0.9331138 223163.23
0.9333415 223535.93
0.9337642 224247.33
0.9340244 224680.03
0.9344472 225389.33
0.9351617 226613.13
0.9356170 227398.93
0.9358446 227771.93
0.9363000 228552.73
0.9365276 228936.33
0.9369829 229715.83
0.9387220 232809.23
0.9391448 233567.63
0.9394050 234048.33
0.9398278 234824.23
0.9400879 235307.63
0.9402785 235654.03
0.9403143 235711.23
0.9405107 236068.83
0.9407338 236473.63
0.9407371 236451.83
0.9409614 236856.93
0.9409973 236904.93
0.9414167 237684.33
0.9414201 237671.33
0.9416444 238067.13
0.9416803 238105.63
0.9420997 238877.73
0.9421031 238854.83
0.9427268 240032.53
0.9431495 240823.03
0.9434097 241308.83
0.9438325 242104.63
0.9440927 242599.33
0.9445154 243419.73
0.9479586 250259.13
0.9481662 250681.43
0.9483813 251107.53
0.9486215 251593.33
0.9486415 251622.73
0.9488491 252032.23
0.9490643 252451.23
0.9493044 252934.93
0.9493244 252969.13
0.9495321 253391.13
0.9496944 253715.73
0.9497472 253818.23
0.9499549 254233.73
0.9501172 254562.93
0.9503774 255095.73
0.9508002 255959.63
0.9510603 256480.03
0.9514831 257354.73
0.9539748 262637.43
0.9541551 263008.83
0.9544301 263596.13
0.9546104 263977.83
0.9546482 264055.33
0.9546578 264077.03
0.9548381 264465.13
0.9551035 265042.83
0.9551131 265064.53
0.9552609 265388.13
0.9553311 265538.73
0.9553408 265559.03
0.9555211 265939.13
0.9557864 266516.33
0.9557961 266536.93
0.9559764 266922.43
0.9560141 266997.63
0.9564694 268009.43
0.9578962 271201.33
0.9583515 272217.33
0.9585791 272731.13
0.9590344 273761.43
0.9592621 274278.73
0.9596848 275242.33
0.9597778 275461.33
0.9602331 276510.53
0.9604608 277034.83
0.9608836 278008.63
0.9611438 278615.23
0.9615666 279585.33
0.9626411 282065.13
0.9626757 282146.43
0.9630547 283025.93
0.9630640 283036.63
0.9631310 283190.83
0.9632916 283561.53
0.9633586 283715.33
0.9634776 283984.83
0.9637052 284509.03
0.9637470 284600.03
0.9638140 284767.93
0.9639746 285152.63
0.9640416 285319.53
0.9641606 285609.63
0.9643882 286158.73
0.9644299 286264.73
0.9644969 286428.83
0.9648436 287260.33
0.9682499 295380.43
0.9686727 296408.73
0.9689328 297051.33
0.9693556 298082.23
0.9696158 298717.73
0.9700386 299752.83
0.9701663 300077.23
0.9706216 301184.13
0.9708493 301743.93
0.9713046 302849.23
0.9715323 303400.13
0.9719198 304340.53
0.9719876 304497.53
0.9723751 305428.93
0.9726028 305972.63
0.9730582 307077.13
0.9732858 307621.13
0.9737086 308643.33
0.9746301 310895.03
0.9750529 311924.93
0.9753131 312550.73
0.9757209 313528.43
0.9757358 313548.03
0.9759960 314176.63
0.9761436 314524.63
0.9763713 315075.43
0.9764188 315176.73
0.9768266 316163.33
0.9770542 316709.03
0.9775095 317825.63
0.9782687 319702.83
0.9786915 320743.93
0.9787369 320843.53
0.9789517 321365.03
0.9791922 321948.33
0.9793745 322383.83
0.9794199 322472.03
0.9796347 322984.13
0.9798752 323561.73
0.9800575 323994.53
0.9801028 324079.43
0.9805256 325122.63
0.9832624 331993.33
0.9836852 333034.73
0.9839453 333664.13
0.9843681 334704.33
0.9846282 335335.43
0.9847763 335684.23
0.9850511 336354.13
0.9851991 336706.03
0.9852223 336737.63
0.9853165 336953.63
0.9854593 337296.53
0.9856451 337749.43
0.9856724 337803.53
0.9857394 337960.13
0.9858820 338309.53
0.9859053 338354.03
0.9859995 338576.93
0.9861278 338880.93
0.9861422 338896.53
0.9862413 339131.33
0.9863281 339332.63
0.9863555 339385.03
0.9864223 339534.23
0.9865650 339874.03
0.9865883 339915.03
0.9866500 340051.43
0.9866966 340153.43
0.9868108 340423.03
0.9869243 340692.33
0.9870111 340892.63
0.9870385 340947.43
0.9871053 341102.83
0.9873797 341791.03
0.9874613 341992.13
0.9876073 342356.13
0.9878809 343047.83
0.9880627 343507.03
0.9883362 344197.53
0.9885638 344774.43
0.9890191 345927.03
0.9892468 346504.23
0.9897021 347657.53
0.9910902 351159.53
0.9917732 352880.83
0.9921960 353945.53
0.9924236 354516.03
0.9928789 355659.23
0.9972173 366563.83
0.9976401 367611.43
0.9979002 368252.83
0.9985247 369814.33
0.9987882 370472.03
0.9988433 370609.93
0.9989475 370873.73
0.9990710 371184.73
0.9991752 371449.43
0.9992110 371543.23
0.9994712 372204.93
0.9995263 372354.83
0.9996305 372627.43
0.9998582 373207.63
0.9998940 373311.13
