# Period        : 0.649472 days
# IsPeriodic    : True
# Normalization : <g_mag>=0
# Spectrum      : "Flat"; or filename
# 
# Phase u_mag  g_mag  r_mag  i_mag  z_mag  y_mag
 0.000  0.886 -0.216 -0.344 -0.369 -0.357 -0.357
 0.002  0.887 -0.216 -0.344 -0.369 -0.357 -0.357
 0.004  0.887 -0.216 -0.344 -0.369 -0.356 -0.356
 0.006  0.887 -0.216 -0.344 -0.369 -0.356 -0.356
 0.008  0.888 -0.215 -0.344 -0.369 -0.356 -0.356
 0.010  0.888 -0.215 -0.343 -0.369 -0.356 -0.356
 0.012  0.889 -0.215 -0.343 -0.369 -0.355 -0.355
 0.014  0.889 -0.214 -0.343 -0.368 -0.355 -0.355
 0.016  0.890 -0.214 -0.343 -0.368 -0.354 -0.354
 0.018  0.891 -0.214 -0.342 -0.368 -0.354 -0.354
 0.020  0.891 -0.213 -0.342 -0.368 -0.353 -0.353
 0.022  0.892 -0.212 -0.341 -0.367 -0.353 -0.353
 0.024  0.893 -0.212 -0.341 -0.367 -0.352 -0.352
 0.026  0.894 -0.211 -0.341 -0.366 -0.351 -0.351
 0.028  0.895 -0.210 -0.340 -0.366 -0.351 -0.351
 0.030  0.896 -0.210 -0.340 -0.365 -0.350 -0.350
 0.032  0.897 -0.209 -0.339 -0.365 -0.350 -0.350
 0.034  0.898 -0.208 -0.339 -0.364 -0.349 -0.349
 0.036  0.899 -0.207 -0.338 -0.363 -0.349 -0.349
 0.038  0.900 -0.206 -0.337 -0.363 -0.349 -0.349
 0.040  0.901 -0.205 -0.336 -0.362 -0.348 -0.348
 0.042  0.902 -0.204 -0.336 -0.362 -0.348 -0.348
 0.044  0.903 -0.203 -0.335 -0.361 -0.347 -0.347
 0.046  0.905 -0.202 -0.334 -0.360 -0.347 -0.347
 0.048  0.906 -0.201 -0.333 -0.359 -0.346 -0.346
 0.050  0.907 -0.200 -0.333 -0.359 -0.346 -0.346
 0.052  0.908 -0.198 -0.331 -0.358 -0.345 -0.345
 0.054  0.910 -0.197 -0.330 -0.357 -0.345 -0.345
 0.056  0.911 -0.196 -0.330 -0.356 -0.344 -0.344
 0.058  0.913 -0.195 -0.329 -0.355 -0.344 -0.344
 0.060  0.914 -0.193 -0.327 -0.355 -0.343 -0.343
 0.062  0.916 -0.192 -0.326 -0.354 -0.343 -0.343
 0.064  0.917 -0.190 -0.325 -0.353 -0.343 -0.343
 0.066  0.919 -0.189 -0.324 -0.352 -0.342 -0.342
 0.068  0.921 -0.187 -0.323 -0.351 -0.342 -0.342
 0.070  0.923 -0.185 -0.322 -0.351 -0.341 -0.341
 0.072  0.924 -0.183 -0.320 -0.350 -0.341 -0.341
 0.074  0.926 -0.182 -0.319 -0.349 -0.340 -0.340
 0.076  0.928 -0.180 -0.318 -0.349 -0.340 -0.340
 0.078  0.930 -0.179 -0.317 -0.348 -0.340 -0.340
 0.080  0.931 -0.177 -0.315 -0.347 -0.339 -0.339
 0.082  0.933 -0.175 -0.314 -0.347 -0.339 -0.339
 0.084  0.935 -0.173 -0.313 -0.346 -0.338 -0.338
 0.086  0.937 -0.172 -0.312 -0.345 -0.338 -0.338
 0.088  0.939 -0.170 -0.310 -0.345 -0.337 -0.337
 0.090  0.940 -0.168 -0.309 -0.344 -0.337 -0.337
 0.092  0.942 -0.166 -0.308 -0.343 -0.337 -0.337
 0.094  0.944 -0.165 -0.307 -0.343 -0.336 -0.336
 0.096  0.946 -0.163 -0.306 -0.342 -0.336 -0.336
 0.098  0.948 -0.162 -0.305 -0.341 -0.335 -0.335
 0.100  0.950 -0.160 -0.304 -0.341 -0.335 -0.335
 0.102  0.951 -0.158 -0.303 -0.340 -0.334 -0.334
 0.104  0.953 -0.156 -0.302 -0.339 -0.334 -0.334
 0.106  0.955 -0.155 -0.301 -0.339 -0.333 -0.333
 0.108  0.957 -0.153 -0.300 -0.338 -0.333 -0.333
 0.110  0.959 -0.151 -0.299 -0.338 -0.332 -0.332
 0.112  0.960 -0.150 -0.298 -0.337 -0.332 -0.332
 0.114  0.962 -0.148 -0.297 -0.337 -0.331 -0.331
 0.116  0.964 -0.147 -0.296 -0.336 -0.331 -0.331
 0.118  0.966 -0.145 -0.295 -0.335 -0.330 -0.330
 0.120  0.967 -0.144 -0.294 -0.335 -0.329 -0.329
 0.122  0.969 -0.142 -0.293 -0.334 -0.329 -0.329
 0.124  0.971 -0.141 -0.293 -0.334 -0.328 -0.328
 0.126  0.973 -0.139 -0.292 -0.333 -0.328 -0.328
 0.128  0.974 -0.137 -0.291 -0.333 -0.327 -0.327
 0.130  0.976 -0.136 -0.290 -0.332 -0.326 -0.326
 0.132  0.978 -0.134 -0.289 -0.332 -0.326 -0.326
 0.134  0.979 -0.133 -0.289 -0.331 -0.325 -0.325
 0.136  0.981 -0.131 -0.288 -0.330 -0.324 -0.324
 0.138  0.983 -0.130 -0.287 -0.330 -0.324 -0.324
 0.140  0.985 -0.128 -0.287 -0.329 -0.323 -0.323
 0.142  0.987 -0.127 -0.286 -0.329 -0.322 -0.322
 0.144  0.988 -0.125 -0.286 -0.328 -0.321 -0.321
 0.146  0.990 -0.124 -0.285 -0.327 -0.321 -0.321
 0.148  0.992 -0.123 -0.284 -0.327 -0.320 -0.320
 0.150  0.994 -0.121 -0.284 -0.326 -0.319 -0.319
 0.152  0.995 -0.120 -0.283 -0.326 -0.318 -0.318
 0.154  0.997 -0.118 -0.282 -0.325 -0.318 -0.318
 0.156  0.999 -0.117 -0.282 -0.324 -0.317 -0.317
 0.158  1.000 -0.115 -0.281 -0.324 -0.316 -0.316
 0.160  1.002 -0.114 -0.280 -0.323 -0.315 -0.315
 0.162  1.004 -0.112 -0.279 -0.322 -0.315 -0.315
 0.164  1.006 -0.111 -0.279 -0.322 -0.314 -0.314
 0.166  1.007 -0.109 -0.278 -0.321 -0.313 -0.313
 0.168  1.009 -0.108 -0.277 -0.320 -0.312 -0.312
 0.170  1.010 -0.106 -0.277 -0.320 -0.312 -0.312
 0.172  1.012 -0.105 -0.276 -0.319 -0.311 -0.311
 0.174  1.014 -0.103 -0.275 -0.319 -0.310 -0.310
 0.176  1.016 -0.102 -0.274 -0.318 -0.310 -0.310
 0.178  1.017 -0.100 -0.273 -0.317 -0.309 -0.309
 0.180  1.019 -0.099 -0.273 -0.316 -0.308 -0.308
 0.182  1.020 -0.097 -0.272 -0.316 -0.308 -0.308
 0.184  1.022 -0.095 -0.271 -0.315 -0.307 -0.307
 0.186  1.024 -0.094 -0.270 -0.314 -0.307 -0.307
 0.188  1.025 -0.092 -0.269 -0.314 -0.306 -0.306
 0.190  1.027 -0.090 -0.268 -0.313 -0.305 -0.305
 0.192  1.028 -0.089 -0.268 -0.312 -0.305 -0.305
 0.194  1.030 -0.087 -0.267 -0.311 -0.304 -0.304
 0.196  1.032 -0.086 -0.266 -0.311 -0.304 -0.304
 0.198  1.033 -0.084 -0.265 -0.310 -0.303 -0.303
 0.200  1.035 -0.082 -0.264 -0.310 -0.303 -0.303
 0.202  1.036 -0.081 -0.263 -0.309 -0.302 -0.302
 0.204  1.038 -0.079 -0.262 -0.308 -0.302 -0.302
 0.206  1.039 -0.077 -0.261 -0.307 -0.301 -0.301
 0.208  1.041 -0.076 -0.260 -0.307 -0.301 -0.301
 0.210  1.042 -0.074 -0.259 -0.306 -0.300 -0.300
 0.212  1.044 -0.073 -0.258 -0.305 -0.300 -0.300
 0.214  1.046 -0.071 -0.257 -0.305 -0.299 -0.299
 0.216  1.047 -0.069 -0.256 -0.304 -0.299 -0.299
 0.218  1.049 -0.067 -0.255 -0.304 -0.299 -0.299
 0.220  1.050 -0.066 -0.254 -0.303 -0.298 -0.298
 0.222  1.052 -0.064 -0.253 -0.302 -0.298 -0.298
 0.224  1.053 -0.062 -0.252 -0.302 -0.297 -0.297
 0.226  1.055 -0.061 -0.251 -0.301 -0.297 -0.297
 0.228  1.056 -0.059 -0.250 -0.301 -0.297 -0.297
 0.230  1.058 -0.057 -0.249 -0.300 -0.296 -0.296
 0.232  1.059 -0.055 -0.248 -0.299 -0.296 -0.296
 0.234  1.061 -0.054 -0.247 -0.299 -0.296 -0.296
 0.236  1.062 -0.052 -0.246 -0.298 -0.295 -0.295
 0.238  1.063 -0.050 -0.245 -0.298 -0.295 -0.295
 0.240  1.065 -0.049 -0.244 -0.297 -0.294 -0.294
 0.242  1.066 -0.047 -0.242 -0.297 -0.294 -0.294
 0.244  1.068 -0.045 -0.241 -0.296 -0.294 -0.294
 0.246  1.069 -0.044 -0.240 -0.296 -0.293 -0.293
 0.248  1.070 -0.042 -0.239 -0.295 -0.293 -0.293
 0.250  1.072 -0.040 -0.238 -0.295 -0.292 -0.292
 0.252  1.073 -0.039 -0.237 -0.294 -0.292 -0.292
 0.254  1.074 -0.037 -0.236 -0.294 -0.291 -0.291
 0.256  1.076 -0.035 -0.235 -0.293 -0.291 -0.291
 0.258  1.077 -0.034 -0.234 -0.293 -0.291 -0.291
 0.260  1.078 -0.032 -0.233 -0.292 -0.290 -0.290
 0.262  1.080 -0.030 -0.232 -0.292 -0.289 -0.289
 0.264  1.081 -0.029 -0.231 -0.291 -0.289 -0.289
 0.266  1.083 -0.027 -0.230 -0.291 -0.289 -0.289
 0.268  1.084 -0.025 -0.229 -0.290 -0.288 -0.288
 0.270  1.085 -0.024 -0.228 -0.290 -0.288 -0.288
 0.272  1.086 -0.022 -0.227 -0.289 -0.287 -0.287
 0.274  1.088 -0.021 -0.226 -0.289 -0.286 -0.286
 0.276  1.089 -0.019 -0.225 -0.288 -0.286 -0.286
 0.278  1.090 -0.017 -0.223 -0.287 -0.285 -0.285
 0.280  1.091 -0.015 -0.222 -0.287 -0.285 -0.285
 0.282  1.093 -0.014 -0.221 -0.286 -0.284 -0.284
 0.284  1.094 -0.012 -0.220 -0.286 -0.284 -0.284
 0.286  1.095 -0.010 -0.219 -0.285 -0.283 -0.283
 0.288  1.096 -0.009 -0.218 -0.284 -0.283 -0.283
 0.290  1.098 -0.007 -0.217 -0.284 -0.282 -0.282
 0.292  1.099 -0.006 -0.216 -0.283 -0.281 -0.281
 0.294  1.100 -0.004 -0.215 -0.282 -0.281 -0.281
 0.296  1.101 -0.003 -0.214 -0.282 -0.280 -0.280
 0.298  1.103 -0.001 -0.213 -0.281 -0.280 -0.280
 0.300  1.104  0.001 -0.212 -0.280 -0.279 -0.279
 0.302  1.105  0.002 -0.211 -0.279 -0.278 -0.278
 0.304  1.106  0.004 -0.210 -0.279 -0.278 -0.278
 0.306  1.107  0.005 -0.209 -0.278 -0.277 -0.277
 0.308  1.109  0.007 -0.208 -0.277 -0.277 -0.277
 0.310  1.110  0.008 -0.207 -0.276 -0.276 -0.276
 0.312  1.111  0.010 -0.206 -0.276 -0.275 -0.275
 0.314  1.112  0.011 -0.205 -0.275 -0.275 -0.275
 0.316  1.113  0.012 -0.204 -0.274 -0.274 -0.274
 0.318  1.115  0.014 -0.203 -0.273 -0.274 -0.274
 0.320  1.116  0.015 -0.202 -0.272 -0.273 -0.273
 0.322  1.117  0.016 -0.202 -0.271 -0.273 -0.273
 0.324  1.118  0.017 -0.201 -0.270 -0.272 -0.272
 0.326  1.119  0.019 -0.200 -0.269 -0.272 -0.272
 0.328  1.121  0.020 -0.199 -0.268 -0.271 -0.271
 0.330  1.122  0.022 -0.198 -0.268 -0.271 -0.271
 0.332  1.123  0.023 -0.197 -0.267 -0.270 -0.270
 0.334  1.124  0.024 -0.196 -0.266 -0.270 -0.270
 0.336  1.125  0.025 -0.195 -0.265 -0.269 -0.269
 0.338  1.126  0.026 -0.194 -0.264 -0.269 -0.269
 0.340  1.128  0.027 -0.194 -0.263 -0.268 -0.268
 0.342  1.129  0.029 -0.193 -0.262 -0.268 -0.268
 0.344  1.130  0.030 -0.192 -0.261 -0.267 -0.267
 0.346  1.131  0.031 -0.191 -0.260 -0.267 -0.267
 0.348  1.132  0.032 -0.190 -0.259 -0.266 -0.266
 0.350  1.134  0.033 -0.189 -0.258 -0.266 -0.266
 0.352  1.135  0.034 -0.189 -0.258 -0.265 -0.265
 0.354  1.136  0.035 -0.188 -0.257 -0.265 -0.265
 0.356  1.137  0.036 -0.187 -0.256 -0.265 -0.265
 0.358  1.138  0.037 -0.186 -0.255 -0.264 -0.264
 0.360  1.139  0.038 -0.185 -0.255 -0.264 -0.264
 0.362  1.140  0.039 -0.185 -0.254 -0.263 -0.263
 0.364  1.142  0.040 -0.184 -0.253 -0.263 -0.263
 0.366  1.143  0.041 -0.183 -0.252 -0.263 -0.263
 0.368  1.144  0.042 -0.183 -0.252 -0.262 -0.262
 0.370  1.145  0.043 -0.182 -0.251 -0.262 -0.262
 0.372  1.146  0.044 -0.181 -0.250 -0.261 -0.261
 0.374  1.147  0.045 -0.180 -0.249 -0.261 -0.261
 0.376  1.148  0.046 -0.179 -0.249 -0.261 -0.261
 0.378  1.149  0.047 -0.179 -0.248 -0.260 -0.260
 0.380  1.150  0.048 -0.178 -0.247 -0.260 -0.260
 0.382  1.151  0.049 -0.177 -0.247 -0.259 -0.259
 0.384  1.153  0.050 -0.176 -0.246 -0.259 -0.259
 0.386  1.153  0.051 -0.175 -0.245 -0.259 -0.259
 0.388  1.154  0.052 -0.175 -0.245 -0.258 -0.258
 0.390  1.156  0.053 -0.174 -0.244 -0.258 -0.258
 0.392  1.156  0.054 -0.173 -0.244 -0.257 -0.257
 0.394  1.157  0.055 -0.172 -0.243 -0.257 -0.257
 0.396  1.158  0.056 -0.171 -0.243 -0.256 -0.256
 0.398  1.159  0.058 -0.171 -0.242 -0.256 -0.256
 0.400  1.160  0.059 -0.170 -0.242 -0.256 -0.256
 0.402  1.161  0.060 -0.169 -0.241 -0.255 -0.255
 0.404  1.162  0.061 -0.168 -0.240 -0.255 -0.255
 0.406  1.163  0.062 -0.167 -0.240 -0.254 -0.254
 0.408  1.164  0.063 -0.166 -0.240 -0.254 -0.254
 0.410  1.164  0.064 -0.166 -0.239 -0.253 -0.253
 0.412  1.165  0.065 -0.165 -0.239 -0.253 -0.253
 0.414  1.166  0.067 -0.164 -0.238 -0.252 -0.252
 0.416  1.167  0.068 -0.163 -0.237 -0.252 -0.252
 0.418  1.168  0.069 -0.162 -0.237 -0.251 -0.251
 0.420  1.169  0.070 -0.161 -0.237 -0.251 -0.251
 0.422  1.169  0.071 -0.160 -0.236 -0.250 -0.250
 0.424  1.170  0.072 -0.160 -0.236 -0.250 -0.250
 0.426  1.171  0.074 -0.159 -0.235 -0.249 -0.249
 0.428  1.172  0.075 -0.158 -0.234 -0.249 -0.249
 0.430  1.172  0.076 -0.157 -0.234 -0.248 -0.248
 0.432  1.173  0.077 -0.156 -0.233 -0.248 -0.248
 0.434  1.174  0.079 -0.155 -0.233 -0.247 -0.247
 0.436  1.174  0.080 -0.155 -0.233 -0.247 -0.247
 0.438  1.175  0.081 -0.154 -0.232 -0.246 -0.246
 0.440  1.176  0.082 -0.153 -0.231 -0.246 -0.246
 0.442  1.177  0.083 -0.152 -0.231 -0.245 -0.245
 0.444  1.177  0.084 -0.151 -0.230 -0.245 -0.245
 0.446  1.178  0.085 -0.150 -0.230 -0.244 -0.244
 0.448  1.179  0.087 -0.150 -0.229 -0.243 -0.243
 0.450  1.180  0.088 -0.149 -0.229 -0.243 -0.243
 0.452  1.180  0.089 -0.148 -0.228 -0.242 -0.242
 0.454  1.181  0.090 -0.147 -0.228 -0.242 -0.242
 0.456  1.182  0.091 -0.147 -0.227 -0.241 -0.241
 0.458  1.183  0.092 -0.146 -0.227 -0.241 -0.241
 0.460  1.183  0.093 -0.146 -0.226 -0.240 -0.240
 0.462  1.184  0.094 -0.145 -0.226 -0.240 -0.240
 0.464  1.185  0.095 -0.144 -0.225 -0.239 -0.239
 0.466  1.186  0.096 -0.144 -0.224 -0.239 -0.239
 0.468  1.187  0.097 -0.143 -0.224 -0.239 -0.239
 0.470  1.188  0.097 -0.142 -0.223 -0.238 -0.238
 0.472  1.188  0.099 -0.142 -0.223 -0.238 -0.238
 0.474  1.189  0.099 -0.141 -0.222 -0.237 -0.237
 0.476  1.190  0.100 -0.141 -0.222 -0.237 -0.237
 0.478  1.191  0.101 -0.140 -0.221 -0.236 -0.236
 0.480  1.192  0.102 -0.140 -0.221 -0.236 -0.236
 0.482  1.192  0.103 -0.140 -0.220 -0.236 -0.236
 0.484  1.193  0.103 -0.139 -0.220 -0.235 -0.235
 0.486  1.194  0.104 -0.138 -0.219 -0.235 -0.235
 0.488  1.195  0.105 -0.138 -0.219 -0.234 -0.234
 0.490  1.196  0.106 -0.138 -0.218 -0.234 -0.234
 0.492  1.196  0.106 -0.137 -0.218 -0.234 -0.234
 0.494  1.198  0.107 -0.137 -0.217 -0.233 -0.233
 0.496  1.198  0.107 -0.137 -0.217 -0.233 -0.233
 0.498  1.199  0.108 -0.136 -0.216 -0.232 -0.232
 0.500  1.200  0.109 -0.136 -0.216 -0.232 -0.232
 0.502  1.201  0.109 -0.136 -0.215 -0.232 -0.232
 0.504  1.202  0.110 -0.135 -0.215 -0.232 -0.232
 0.506  1.203  0.110 -0.135 -0.214 -0.231 -0.231
 0.508  1.204  0.111 -0.135 -0.214 -0.231 -0.231
 0.510  1.205  0.112 -0.134 -0.213 -0.230 -0.230
 0.512  1.205  0.112 -0.134 -0.213 -0.230 -0.230
 0.514  1.206  0.113 -0.134 -0.213 -0.230 -0.230
 0.516  1.207  0.113 -0.133 -0.212 -0.230 -0.230
 0.518  1.208  0.114 -0.133 -0.212 -0.229 -0.229
 0.520  1.208  0.115 -0.133 -0.212 -0.229 -0.229
 0.522  1.209  0.115 -0.132 -0.211 -0.229 -0.229
 0.524  1.209  0.115 -0.132 -0.211 -0.228 -0.228
 0.526  1.210  0.116 -0.132 -0.210 -0.228 -0.228
 0.528  1.211  0.116 -0.131 -0.210 -0.228 -0.228
 0.530  1.211  0.117 -0.131 -0.210 -0.227 -0.227
 0.532  1.212  0.117 -0.131 -0.209 -0.227 -0.227
 0.534  1.212  0.118 -0.130 -0.209 -0.227 -0.227
 0.536  1.213  0.119 -0.130 -0.209 -0.227 -0.227
 0.538  1.213  0.119 -0.130 -0.209 -0.226 -0.226
 0.540  1.214  0.119 -0.129 -0.208 -0.226 -0.226
 0.542  1.214  0.120 -0.129 -0.208 -0.226 -0.226
 0.544  1.214  0.120 -0.128 -0.208 -0.226 -0.226
 0.546  1.215  0.121 -0.128 -0.207 -0.225 -0.225
 0.548  1.215  0.121 -0.128 -0.207 -0.225 -0.225
 0.550  1.215  0.122 -0.127 -0.207 -0.225 -0.225
 0.552  1.215  0.122 -0.127 -0.207 -0.224 -0.224
 0.554  1.215  0.123 -0.126 -0.206 -0.224 -0.224
 0.556  1.215  0.123 -0.126 -0.206 -0.224 -0.224
 0.558  1.216  0.123 -0.126 -0.206 -0.224 -0.224
 0.560  1.216  0.124 -0.125 -0.205 -0.223 -0.223
 0.562  1.216  0.125 -0.125 -0.205 -0.223 -0.223
 0.564  1.216  0.125 -0.124 -0.205 -0.223 -0.223
 0.566  1.216  0.125 -0.124 -0.204 -0.223 -0.223
 0.568  1.216  0.126 -0.123 -0.204 -0.222 -0.222
 0.570  1.216  0.126 -0.123 -0.204 -0.222 -0.222
 0.572  1.215  0.126 -0.123 -0.203 -0.222 -0.222
 0.574  1.215  0.127 -0.122 -0.203 -0.221 -0.221
 0.576  1.215  0.127 -0.122 -0.203 -0.221 -0.221
 0.578  1.215  0.128 -0.121 -0.202 -0.221 -0.221
 0.580  1.215  0.128 -0.121 -0.202 -0.221 -0.221
 0.582  1.215  0.128 -0.121 -0.202 -0.221 -0.221
 0.584  1.215  0.129 -0.120 -0.201 -0.220 -0.220
 0.586  1.215  0.129 -0.120 -0.201 -0.220 -0.220
 0.588  1.215  0.129 -0.119 -0.200 -0.220 -0.220
 0.590  1.214  0.130 -0.119 -0.200 -0.220 -0.220
 0.592  1.214  0.130 -0.118 -0.200 -0.219 -0.219
 0.594  1.214  0.131 -0.118 -0.199 -0.219 -0.219
 0.596  1.214  0.131 -0.118 -0.199 -0.219 -0.219
 0.598  1.214  0.131 -0.117 -0.198 -0.219 -0.219
 0.600  1.214  0.131 -0.117 -0.198 -0.219 -0.219
 0.602  1.214  0.132 -0.116 -0.197 -0.218 -0.218
 0.604  1.214  0.132 -0.116 -0.197 -0.218 -0.218
 0.606  1.214  0.132 -0.116 -0.196 -0.218 -0.218
 0.608  1.214  0.132 -0.115 -0.196 -0.217 -0.217
 0.610  1.214  0.132 -0.115 -0.195 -0.217 -0.217
 0.612  1.214  0.132 -0.114 -0.195 -0.217 -0.217
 0.614  1.214  0.133 -0.114 -0.194 -0.217 -0.217
 0.616  1.214  0.133 -0.113 -0.194 -0.216 -0.216
 0.618  1.214  0.133 -0.113 -0.193 -0.216 -0.216
 0.620  1.214  0.133 -0.113 -0.193 -0.216 -0.216
 0.622  1.214  0.133 -0.112 -0.192 -0.216 -0.216
 0.624  1.214  0.133 -0.112 -0.192 -0.216 -0.216
 0.626  1.214  0.133 -0.112 -0.191 -0.215 -0.215
 0.628  1.214  0.134 -0.111 -0.191 -0.215 -0.215
 0.630  1.214  0.134 -0.111 -0.190 -0.215 -0.215
 0.632  1.214  0.134 -0.110 -0.190 -0.214 -0.214
 0.634  1.214  0.134 -0.110 -0.189 -0.214 -0.214
 0.636  1.214  0.134 -0.109 -0.189 -0.214 -0.214
 0.638  1.214  0.134 -0.109 -0.188 -0.214 -0.214
 0.640  1.214  0.134 -0.109 -0.188 -0.213 -0.213
 0.642  1.214  0.134 -0.108 -0.187 -0.213 -0.213
 0.644  1.214  0.134 -0.108 -0.187 -0.213 -0.213
 0.646  1.214  0.134 -0.107 -0.186 -0.213 -0.213
 0.648  1.214  0.134 -0.107 -0.186 -0.212 -0.212
 0.650  1.214  0.134 -0.107 -0.185 -0.212 -0.212
 0.652  1.215  0.134 -0.106 -0.185 -0.212 -0.212
 0.654  1.215  0.134 -0.106 -0.185 -0.212 -0.212
 0.656  1.215  0.135 -0.105 -0.184 -0.211 -0.211
 0.658  1.215  0.135 -0.105 -0.184 -0.211 -0.211
 0.660  1.215  0.135 -0.104 -0.183 -0.211 -0.211
 0.662  1.215  0.135 -0.104 -0.183 -0.211 -0.211
 0.664  1.215  0.135 -0.103 -0.182 -0.210 -0.210
 0.666  1.215  0.135 -0.103 -0.182 -0.210 -0.210
 0.668  1.215  0.136 -0.102 -0.182 -0.210 -0.210
 0.670  1.216  0.136 -0.102 -0.181 -0.210 -0.210
 0.672  1.216  0.136 -0.101 -0.181 -0.209 -0.209
 0.674  1.216  0.136 -0.100 -0.181 -0.209 -0.209
 0.676  1.216  0.137 -0.100 -0.180 -0.209 -0.209
 0.678  1.216  0.137 -0.099 -0.180 -0.208 -0.208
 0.680  1.217  0.138 -0.099 -0.179 -0.208 -0.208
 0.682  1.217  0.138 -0.098 -0.179 -0.208 -0.208
 0.684  1.217  0.139 -0.097 -0.179 -0.207 -0.207
 0.686  1.217  0.139 -0.097 -0.178 -0.207 -0.207
 0.688  1.217  0.139 -0.096 -0.178 -0.207 -0.207
 0.690  1.217  0.140 -0.095 -0.178 -0.207 -0.207
 0.692  1.218  0.141 -0.094 -0.177 -0.206 -0.206
 0.694  1.218  0.141 -0.094 -0.177 -0.206 -0.206
 0.696  1.218  0.142 -0.093 -0.176 -0.206 -0.206
 0.698  1.218  0.142 -0.092 -0.176 -0.206 -0.206
 0.700  1.218  0.143 -0.092 -0.176 -0.205 -0.205
 0.702  1.219  0.144 -0.091 -0.175 -0.205 -0.205
 0.704  1.219  0.145 -0.090 -0.175 -0.204 -0.204
 0.706  1.219  0.145 -0.089 -0.175 -0.204 -0.204
 0.708  1.220  0.146 -0.088 -0.174 -0.204 -0.204
 0.710  1.220  0.147 -0.087 -0.174 -0.204 -0.204
 0.712  1.220  0.148 -0.086 -0.173 -0.203 -0.203
 0.714  1.220  0.149 -0.086 -0.173 -0.203 -0.203
 0.716  1.220  0.149 -0.085 -0.172 -0.203 -0.203
 0.718  1.221  0.151 -0.084 -0.172 -0.202 -0.202
 0.720  1.221  0.151 -0.083 -0.171 -0.202 -0.202
 0.722  1.221  0.152 -0.083 -0.171 -0.202 -0.202
 0.724  1.221  0.153 -0.082 -0.170 -0.201 -0.201
 0.726  1.222  0.154 -0.081 -0.170 -0.201 -0.201
 0.728  1.222  0.154 -0.081 -0.169 -0.201 -0.201
 0.730  1.223  0.155 -0.081 -0.169 -0.200 -0.200
 0.732  1.223  0.155 -0.080 -0.168 -0.200 -0.200
 0.734  1.224  0.155 -0.080 -0.167 -0.200 -0.200
 0.736  1.224  0.155 -0.080 -0.167 -0.199 -0.199
 0.738  1.225  0.156 -0.080 -0.166 -0.199 -0.199
 0.740  1.225  0.156 -0.080 -0.166 -0.198 -0.198
 0.742  1.226  0.156 -0.080 -0.165 -0.198 -0.198
 0.744  1.227  0.156 -0.080 -0.164 -0.198 -0.198
 0.746  1.228  0.155 -0.081 -0.164 -0.197 -0.197
 0.748  1.228  0.155 -0.081 -0.163 -0.197 -0.197
 0.750  1.229  0.155 -0.081 -0.162 -0.196 -0.196
 0.752  1.230  0.154 -0.082 -0.161 -0.196 -0.196
 0.754  1.231  0.154 -0.083 -0.161 -0.195 -0.195
 0.756  1.231  0.153 -0.083 -0.160 -0.195 -0.195
 0.758  1.232  0.152 -0.084 -0.159 -0.195 -0.195
 0.760  1.233  0.152 -0.085 -0.158 -0.194 -0.194
 0.762  1.234  0.151 -0.086 -0.158 -0.194 -0.194
 0.764  1.235  0.150 -0.087 -0.157 -0.193 -0.193
 0.766  1.236  0.149 -0.088 -0.157 -0.193 -0.193
 0.768  1.237  0.148 -0.089 -0.156 -0.192 -0.192
 0.770  1.239  0.147 -0.090 -0.156 -0.192 -0.192
 0.772  1.240  0.146 -0.092 -0.155 -0.191 -0.191
 0.774  1.241  0.145 -0.093 -0.155 -0.191 -0.191
 0.776  1.242  0.143 -0.095 -0.155 -0.190 -0.190
 0.778  1.244  0.142 -0.096 -0.155 -0.189 -0.189
 0.780  1.245  0.140 -0.098 -0.155 -0.189 -0.189
 0.782  1.247  0.138 -0.100 -0.156 -0.188 -0.188
 0.784  1.248  0.137 -0.102 -0.156 -0.188 -0.188
 0.786  1.249  0.135 -0.103 -0.157 -0.187 -0.187
 0.788  1.250  0.133 -0.105 -0.157 -0.186 -0.186
 0.790  1.252  0.131 -0.108 -0.158 -0.186 -0.186
 0.792  1.253  0.129 -0.110 -0.159 -0.185 -0.185
 0.794  1.254  0.127 -0.112 -0.160 -0.185 -0.185
 0.796  1.255  0.125 -0.114 -0.161 -0.184 -0.184
 0.798  1.256  0.122 -0.116 -0.162 -0.183 -0.183
 0.800  1.257  0.119 -0.119 -0.163 -0.183 -0.183
 0.802  1.257  0.117 -0.121 -0.164 -0.182 -0.182
 0.804  1.258  0.114 -0.124 -0.166 -0.182 -0.182
 0.806  1.258  0.112 -0.126 -0.167 -0.181 -0.181
 0.808  1.259  0.109 -0.129 -0.169 -0.181 -0.181
 0.810  1.259  0.106 -0.132 -0.171 -0.181 -0.181
 0.812  1.259  0.102 -0.135 -0.172 -0.181 -0.181
 0.814  1.258  0.099 -0.137 -0.175 -0.181 -0.181
 0.816  1.257  0.096 -0.140 -0.177 -0.181 -0.181
 0.818  1.257  0.092 -0.143 -0.179 -0.181 -0.181
 0.820  1.256  0.089 -0.146 -0.181 -0.182 -0.182
 0.822  1.255  0.085 -0.149 -0.184 -0.182 -0.182
 0.824  1.254  0.081 -0.152 -0.186 -0.183 -0.183
 0.826  1.252  0.077 -0.156 -0.189 -0.184 -0.184
 0.828  1.251  0.073 -0.159 -0.191 -0.185 -0.185
 0.830  1.249  0.069 -0.162 -0.194 -0.185 -0.185
 0.832  1.247  0.065 -0.166 -0.197 -0.186 -0.186
 0.834  1.246  0.061 -0.169 -0.200 -0.188 -0.188
 0.836  1.243  0.056 -0.173 -0.203 -0.189 -0.189
 0.838  1.241  0.052 -0.177 -0.206 -0.190 -0.190
 0.840  1.239  0.047 -0.180 -0.209 -0.191 -0.191
 0.842  1.236  0.042 -0.184 -0.212 -0.193 -0.193
 0.844  1.233  0.038 -0.188 -0.215 -0.194 -0.194
 0.846  1.230  0.033 -0.192 -0.218 -0.196 -0.196
 0.848  1.227  0.027 -0.196 -0.221 -0.198 -0.198
 0.850  1.224  0.022 -0.200 -0.224 -0.200 -0.200
 0.852  1.221  0.017 -0.204 -0.227 -0.202 -0.202
 0.854  1.217  0.011 -0.208 -0.230 -0.204 -0.204
 0.856  1.214  0.006 -0.212 -0.234 -0.206 -0.206
 0.858  1.210  0.000 -0.216 -0.237 -0.208 -0.208
 0.860  1.206 -0.005 -0.221 -0.240 -0.211 -0.211
 0.862  1.202 -0.011 -0.225 -0.243 -0.214 -0.214
 0.864  1.198 -0.017 -0.229 -0.246 -0.216 -0.216
 0.866  1.193 -0.022 -0.233 -0.249 -0.219 -0.219
 0.868  1.189 -0.028 -0.237 -0.252 -0.222 -0.222
 0.870  1.184 -0.034 -0.241 -0.255 -0.224 -0.224
 0.872  1.179 -0.039 -0.245 -0.258 -0.227 -0.227
 0.874  1.175 -0.044 -0.249 -0.261 -0.230 -0.230
 0.876  1.170 -0.050 -0.253 -0.264 -0.233 -0.233
 0.878  1.165 -0.055 -0.256 -0.267 -0.236 -0.236
 0.880  1.160 -0.060 -0.259 -0.270 -0.239 -0.239
 0.882  1.155 -0.065 -0.263 -0.273 -0.242 -0.242
 0.884  1.150 -0.070 -0.266 -0.276 -0.245 -0.245
 0.886  1.145 -0.075 -0.269 -0.279 -0.247 -0.247
 0.888  1.140 -0.080 -0.273 -0.282 -0.250 -0.250
 0.890  1.135 -0.084 -0.276 -0.285 -0.253 -0.253
 0.892  1.129 -0.089 -0.279 -0.288 -0.256 -0.256
 0.894  1.124 -0.093 -0.282 -0.291 -0.259 -0.259
 0.896  1.119 -0.098 -0.284 -0.294 -0.262 -0.262
 0.898  1.113 -0.102 -0.287 -0.297 -0.264 -0.264
 0.900  1.108 -0.107 -0.290 -0.300 -0.267 -0.267
 0.902  1.102 -0.111 -0.292 -0.303 -0.270 -0.270
 0.904  1.096 -0.115 -0.295 -0.306 -0.272 -0.272
 0.906  1.090 -0.119 -0.297 -0.309 -0.275 -0.275
 0.908  1.084 -0.123 -0.300 -0.311 -0.278 -0.278
 0.910  1.078 -0.127 -0.302 -0.314 -0.281 -0.281
 0.912  1.072 -0.131 -0.304 -0.317 -0.283 -0.283
 0.914  1.065 -0.135 -0.306 -0.320 -0.286 -0.286
 0.916  1.059 -0.138 -0.308 -0.322 -0.288 -0.288
 0.918  1.052 -0.142 -0.310 -0.325 -0.291 -0.291
 0.920  1.046 -0.146 -0.312 -0.327 -0.294 -0.294
 0.922  1.039 -0.149 -0.314 -0.330 -0.296 -0.296
 0.924  1.033 -0.153 -0.315 -0.332 -0.299 -0.299
 0.926  1.026 -0.156 -0.317 -0.334 -0.301 -0.301
 0.928  1.019 -0.159 -0.319 -0.337 -0.304 -0.304
 0.930  1.013 -0.162 -0.320 -0.339 -0.307 -0.307
 0.932  1.006 -0.165 -0.321 -0.341 -0.309 -0.309
 0.934  0.999 -0.168 -0.323 -0.343 -0.312 -0.312
 0.936  0.992 -0.171 -0.324 -0.345 -0.314 -0.314
 0.938  0.986 -0.174 -0.325 -0.346 -0.317 -0.317
 0.940  0.980 -0.177 -0.326 -0.348 -0.319 -0.319
 0.942  0.974 -0.179 -0.328 -0.350 -0.321 -0.321
 0.944  0.968 -0.182 -0.329 -0.351 -0.324 -0.324
 0.946  0.962 -0.184 -0.330 -0.353 -0.326 -0.326
 0.948  0.956 -0.187 -0.331 -0.354 -0.328 -0.328
 0.950  0.950 -0.189 -0.332 -0.356 -0.331 -0.331
 0.952  0.945 -0.191 -0.333 -0.357 -0.333 -0.333
 0.954  0.940 -0.193 -0.334 -0.358 -0.335 -0.335
 0.956  0.936 -0.195 -0.335 -0.359 -0.336 -0.336
 0.958  0.931 -0.197 -0.335 -0.360 -0.338 -0.338
 0.960  0.927 -0.199 -0.336 -0.362 -0.340 -0.340
 0.962  0.923 -0.201 -0.337 -0.362 -0.341 -0.341
 0.964  0.920 -0.202 -0.338 -0.363 -0.343 -0.343
 0.966  0.916 -0.204 -0.338 -0.364 -0.344 -0.344
 0.968  0.912 -0.205 -0.339 -0.365 -0.346 -0.346
 0.970  0.909 -0.207 -0.340 -0.365 -0.347 -0.347
 0.972  0.907 -0.208 -0.340 -0.366 -0.348 -0.348
 0.974  0.904 -0.209 -0.341 -0.366 -0.350 -0.350
 0.976  0.901 -0.210 -0.341 -0.367 -0.351 -0.351
 0.978  0.899 -0.211 -0.342 -0.368 -0.352 -0.352
 0.980  0.896 -0.212 -0.342 -0.368 -0.353 -0.353
 0.982  0.895 -0.213 -0.342 -0.368 -0.353 -0.353
 0.984  0.893 -0.214 -0.343 -0.368 -0.354 -0.354
 0.986  0.891 -0.214 -0.343 -0.369 -0.355 -0.355
 0.988  0.890 -0.215 -0.343 -0.369 -0.355 -0.355
 0.990  0.889 -0.215 -0.343 -0.369 -0.356 -0.356
 0.992  0.888 -0.216 -0.344 -0.369 -0.356 -0.356
 0.994  0.887 -0.216 -0.344 -0.369 -0.356 -0.356
 0.996  0.887 -0.216 -0.344 -0.369 -0.356 -0.356
 0.998  0.886 -0.216 -0.344 -0.369 -0.357 -0.357
